;------------------------------------------------------------
;妖梦君的妖梦绘
;------------------------------------------------------------
23_颜像范围,23_拼接.webp,0,0,300,300,-87,-9
23_表情_笑顔,23_拼接.webp,880,783,237,283,51,101,,500,500
23_表情_通常,23_拼接.webp,407,966,237,248,51,101,,500,500
23_表情_憤怒,23_拼接.webp,0,483,473,282,16,96,,500,500
23_表情_発情,23_拼接.webp,880,483,232,300,82,101,,500,500
23_表情_トロ顔,23_拼接.webp,880,483,232,300,82,101,,500,500
23_表情_イキ顔,23_拼接.webp,880,483,232,300,82,101,,500,500
23_表情_性交,23_拼接.webp,1112,483,263,242,51,105,,500,500
23_表情_愛撫,23_拼接.webp,877,1066,263,242,51,105,,500,500
23_表情_自慰,23_拼接.webp,877,1066,263,242,51,105,,500,500
23_表情_睡眠,23_拼接.webp,644,966,233,244,51,105,,500,500
23_服躯_服,23_拼接.webp,481,0,481,483,19,17,,500,500
23_服躯_服_泳衣,23_拼接.webp,962,0,407,483,19,17,,500,500
23_服躯_服_衬衫,23_拼接.webp,1369,0,407,483,19,17,,500,500
23_服躯_服_创口贴,23_拼接.webp,473,483,407,483,19,17,,500,500
23_服躯_裸,23_拼接.webp,0,0,1,1,0,0,,500,500
23_裸躯_躯干,23_拼接.webp,0,765,407,483,19,17,,500,500

別立ち4_照れ_23,23_拼接.webp,0,1248,152,82,162,116,,500,500

別立ち4_服_通常_23,23_拼接.webp,0,0,481,483,19,17,,500,500
別顔4_服_通常_23,23_拼接.webp,68,0,300,292,0,8,,300,300
