;------------------------------------------------------------
;30 映姬
;------------------------------------------------------------
; 立绘尺寸
EagloV30_颜像范围,HIDENORI_30.webp,0,0,346,346,-115,0
EagloV30_立绘尺寸,HIDENORI_30.webp,0,0,576,576
;demo
別立ち4_服_通常_30,HIDENORI_30.webp,384,1,312,576,140,0,,576,576
別顔4_服_通常_30,HIDENORI_30.webp,384,1,312,346,25,0,,346,346
EagloV30_特效_帽子,HIDENORI_30.webp,697,1,312,454,140,0,,576,576
EagloV30_特效_口精渍,HIDENORI_30.webp,853,772,134,140,222,84,,576,576
EagloV30_特效_手精渍,HIDENORI_30.webp,307,798,56,106,262,282,,576,576
EagloV30_特效_Ｂ精渍,HIDENORI_30.webp,658,578,194,360,208,210,,576,576
EagloV30_特效_常服悔悟,HIDENORI_30.webp,853,569,86,202,258,188,,576,576
EagloV30_特效_怪T悔悟,HIDENORI_30.webp,242,360,122,220,234,188,,576,576
EagloV30_特效_裸悔悟,HIDENORI_30.webp,242,581,82,216,262,188,,576,576
EagloV30_颜效_心眼,HIDENORI_30.webp,862,522,104,28,242,132,,576,576
EagloV30_颜效_眼泪,HIDENORI_30.webp,513,988,98,16,248,150,,576,576
EagloV30_颜效_黑线,HIDENORI_30.webp,311,936,14,16,320,158,,576,576
EagloV30_颜效_颊红,HIDENORI_30.webp,763,939,84,24,254,154,,576,576
EagloV30_眉_常眉,HIDENORI_30.webp,862,551,102,12,244,118,,576,576
EagloV30_眉_挑眉,HIDENORI_30.webp,412,984,100,18,244,116,,576,576
EagloV30_眉_挑眉2,HIDENORI_30.webp,658,939,104,22,242,118,,576,576
EagloV30_眉_皱眉,HIDENORI_30.webp,309,984,102,20,242,120,,576,576
EagloV30_眉_怒眉,HIDENORI_30.webp,208,1002,100,20,244,122,,576,576
EagloV30_目_暗目,HIDENORI_30.webp,848,948,102,28,242,132,,576,576
EagloV30_目_常目,HIDENORI_30.webp,330,955,102,28,242,132,,576,576
EagloV30_目_单目22,HIDENORI_30.webp,208,901,98,34,246,128,,576,576
EagloV30_目_单目21,HIDENORI_30.webp,208,936,102,32,242,128,,576,576
EagloV30_目_单目爱心2,HIDENORI_30.webp,736,964,100,30,246,132,,576,576
EagloV30_目_单目爱心,HIDENORI_30.webp,208,969,100,32,242,128,,576,576
EagloV30_目_单目2,HIDENORI_30.webp,862,456,98,34,246,128,,576,576
EagloV30_目_单目,HIDENORI_30.webp,536,955,100,32,242,128,,576,576
EagloV30_目_笑目,HIDENORI_30.webp,853,913,96,34,246,128,,576,576
EagloV30_目_闭目,HIDENORI_30.webp,637,962,98,32,246,128,,576,576
EagloV30_目_斜目左,HIDENORI_30.webp,433,955,102,28,242,132,,576,576
EagloV30_目_斜目右,HIDENORI_30.webp,837,977,102,28,242,132,,576,576
EagloV30_目_白目,HIDENORI_30.webp,862,491,104,30,242,132,,576,576
EagloV30_口_闭口,HIDENORI_30.webp,328,912,16,2,292,184,,576,576
EagloV30_口_大口2,HIDENORI_30.webp,307,912,20,16,290,176,,576,576
EagloV30_口_大口,HIDENORI_30.webp,311,953,18,12,292,178,,576,576
EagloV30_口_小口,HIDENORI_30.webp,326,936,18,12,292,178,,576,576
EagloV30_口_撇口,HIDENORI_30.webp,332,905,14,4,294,182,,576,576
EagloV30_口_笑口2,HIDENORI_30.webp,307,929,20,6,290,180,,576,576
EagloV30_口_笑口,HIDENORI_30.webp,307,905,24,6,288,180,,576,576
EagloV30_口_撇口2,HIDENORI_30.webp,328,915,14,4,294,184,,576,576
EagloV30_服躯_常服,HIDENORI_30.webp,365,578,292,376,156,200,,576,576
EagloV30_服躯_怪T,HIDENORI_30.webp,1,1,382,358,104,218,,576,576
EagloV30_胸罩,HIDENORI_30.webp,697,456,164,112,220,218,,576,576
EagloV30_胖次,HIDENORI_30.webp,1,901,206,116,184,446,,576,576
EagloV30_裸躯_躯干,HIDENORI_30.webp,1,360,240,540,174,36,,576,576

