別立ち4_服_通常_17,EagloV_17.webp,0,0,439,498,37,2,,500,500
別顔4_服_通常_17,EagloV_17.webp,63,0,300,298,0,2,,300,300
EagloV17_特效_人偶愤怒,EagloV_17.webp,938,798,144,50,64,221,,500,500
EagloV17_特效_人偶愉悦,EagloV_17.webp,666,615,59,50,64,221,,500,500
EagloV17_特效_人偶欲求,EagloV_17.webp,666,665,59,50,64,221,,500,500
EagloV17_特效_人偶不悦,EagloV_17.webp,666,715,59,50,64,221,,500,500
EagloV17_特效_人偶疑惑,EagloV_17.webp,1168,96,59,50,64,221,,500,500
EagloV17_特效_人偶沉默,EagloV_17.webp,1168,146,59,50,64,221,,500,500
EagloV17_特效_人偶绝顶,EagloV_17.webp,1168,196,59,50,64,221,,500,500
EagloV17_特效_人偶流汗,EagloV_17.webp,1168,246,59,50,64,221,,500,500
EagloV17_特效_人偶悲伤,EagloV_17.webp,1168,296,59,50,64,221,,500,500
EagloV17_特效_人偶惊讶,EagloV_17.webp,1168,346,59,50,64,221,,500,500
EagloV17_特效_人偶羞涩,EagloV_17.webp,1227,377,59,50,64,221,,500,500
EagloV17_特效_人偶睡眠,EagloV_17.webp,1168,396,59,50,64,221,,500,500
EagloV17_特效_人偶颊红,EagloV_17.webp,1227,188,69,12,132,276,,500,500
EagloV17_特效_人偶常目,EagloV_17.webp,1227,200,67,39,136,252,,500,500
EagloV17_特效_人偶闭目,EagloV_17.webp,1227,317,65,30,136,261,,500,500
EagloV17_特效_人偶暗目,EagloV_17.webp,1227,239,67,39,136,252,,500,500
EagloV17_特效_人偶白目,EagloV_17.webp,1227,278,67,39,136,252,,500,500
EagloV17_特效_人偶女仆装,EagloV_17.webp,938,469,224,252,37,166,,500,500
EagloV17_服躯_女仆装,EagloV_17.webp,771,0,397,469,84,31,,500,500
EagloV17_胸罩_黑纱睡衣,EagloV_17.webp,417,498,249,326,159,174,,500,500
EagloV17_特效_人偶常服,EagloV_17.webp,417,824,244,252,37,166,,500,500
EagloV17_丁液_射精,EagloV_17.webp,771,469,167,394,311,82,,500,500
EagloV17_丁液_先汁,EagloV_17.webp,736,498,32,30,340,340,,500,500
EagloV17_丁液_垂精,EagloV_17.webp,661,824,22,157,344,346,,500,500
EagloV17_丁日_丁日,EagloV_17.webp,1162,469,122,151,247,349,,500,500
EagloV17_颜效_喘息,EagloV_17.webp,683,863,302,208,100,32,,500,500
EagloV17_颜效_心眼,EagloV_17.webp,1227,347,60,30,211,99,,500,500
EagloV17_颜效_闭目眼泪,EagloV_17.webp,1257,83,81,37,202,99,,500,500
EagloV17_颜效_笑目眼泪,EagloV_17.webp,1257,83,81,37,202,99,,500,500
EagloV17_颜效_睁目眼泪,EagloV_17.webp,1257,83,81,37,202,99,,500,500
EagloV22_颜效_颊红,EagloV_17.webp,666,565,96,50,197,106,,500,500
EagloV17_颜效_睁目黑线,EagloV_17.webp,756,546,14,14,269,109,,500,500
EagloV17_颜效_闭目黑线,EagloV_17.webp,756,546,14,14,269,109,,500,500
EagloV17_眉_挑眉,EagloV_17.webp,1257,49,83,34,193,79,,500,500
EagloV17_眉_皱眉,EagloV_17.webp,1227,154,75,34,193,79,,500,500
EagloV17_眉_常眉,EagloV_17.webp,1227,120,80,34,196,79,,500,500
EagloV17_目_单目,EagloV_17.webp,1168,49,89,47,199,87,,500,500
EagloV17_目_笑目,EagloV_17.webp,683,814,87,40,199,94,,500,500
EagloV17_目_闭目,EagloV_17.webp,683,814,87,40,199,94,,500,500
EagloV17_目_常目,EagloV_17.webp,666,765,92,49,196,87,,500,500
EagloV17_目_暗目,EagloV_17.webp,1168,0,92,49,196,87,,500,500
EagloV17_目_白目,EagloV_17.webp,1260,0,92,49,196,87,,500,500
EagloV17_鼻_鼻,EagloV_17.webp,756,528,14,18,224,117,,500,500
EagloV17_颜效_黑脸,EagloV_17.webp,666,498,70,67,200,80,,500,500
EagloV17_颜效_颊红,EagloV_17.webp,1162,620,47,45,213,97,,500,500
EagloV17_口_大口,EagloV_17.webp,736,528,20,18,241,136,,500,500
EagloV17_口_小口,EagloV_17.webp,725,615,17,14,242,137,,500,500
EagloV17_口_撇口,EagloV_17.webp,736,546,20,8,241,141,,500,500
EagloV17_口_闭口,EagloV_17.webp,736,554,17,8,242,141,,500,500
EagloV17_口_笑口,EagloV_17.webp,725,629,18,12,241,137,,500,500
EagloV17_服躯_人偶师常服,EagloV_17.webp,0,498,417,348,59,152,,500,500
EagloV17_服躯_常服,EagloV_17.webp,0,846,417,334,59,166,,500,500
EagloV17_胸罩,EagloV_17.webp,985,848,178,170,216,169,,500,500
EagloV17_胖次,EagloV_17.webp,938,721,183,77,191,402,,500,500
EagloV17_裸躯_躯干,EagloV_17.webp,439,0,332,498,114,2,,500,500

