別立ち_服_通常_99,EagloV_断面.webp,0,491,492,490,8,10,,500,500
EagloV130_颜效_喘息,EagloV_断面.webp,888,0,302,208,113,50,,500,500
EagloV130_颜效_心眼,EagloV_断面.webp,1099,233,59,23,232,111,,500,500
EagloV130_颜效_闭目眼泪,EagloV_断面.webp,1009,321,84,32,219,111,,500,500
EagloV130_颜效_睁目眼泪,EagloV_断面.webp,1091,353,80,27,221,112,,500,500
EagloV130_颜效_睁目黑线,EagloV_断面.webp,978,414,13,14,286,124,,500,500
EagloV130_颜效_颊红,EagloV_断面.webp,888,356,103,41,211,117,,500,500
EagloV130_眉_常眉,EagloV_断面.webp,888,473,82,25,211,91,,500,500
EagloV130_眉_皱眉,EagloV_断面.webp,1009,353,82,24,216,92,,500,500
EagloV130_眉_挑眉,EagloV_断面.webp,1099,208,77,25,216,91,,500,500
EagloV130_目_单目,EagloV_断面.webp,1009,246,88,40,216,101,,500,500
EagloV130_目_笑目,EagloV_断面.webp,1009,286,88,35,216,106,,500,500
EagloV130_目_常目,EagloV_断面.webp,888,397,90,38,214,101,,500,500
EagloV130_目_暗目,EagloV_断面.webp,888,435,90,38,214,101,,500,500
EagloV130_目_白目,EagloV_断面.webp,1009,208,90,38,214,101,,500,500
EagloV130_颜效_颊红,EagloV_断面.webp,1008,377,47,47,235,100,,500,500
EagloV130_鼻_鼻,EagloV_断面.webp,991,373,17,15,249,129,,500,500
EagloV130_口_大口,EagloV_断面.webp,978,397,21,17,257,144,,500,500
EagloV130_口_小口,EagloV_断面.webp,991,356,17,17,259,144,,500,500
EagloV130_口_撇口,EagloV_断面.webp,1158,233,19,9,258,149,,500,500
闭嘴,EagloV_断面.webp,991,388,15,7,261,149,,500,500
EagloV130_口_笑口,EagloV_断面.webp,1176,208,19,9,259,147,,500,500
EagloV130_丁液_射精,EagloV_断面.webp,926,498,167,396,307,82,,500,500
EagloV130_丁液_先汁,EagloV_断面.webp,1055,377,32,30,340,343,,500,500
EagloV130_丁日_丁日,EagloV_断面.webp,888,208,121,148,247,352,,500,500
EagloV130_服躯_常服,EagloV_断面.webp,492,500,434,343,59,157,,500,500
薄纱睡衣,EagloV_断面.webp,492,843,294,323,156,177,,500,500
弹弓,EagloV_断面.webp,0,981,189,312,249,174,,500,500
兔女郎,EagloV_断面.webp,493,0,395,500,69,0,,500,500
EagloV130_裸躯_躯干,EagloV_断面.webp,0,0,493,491,7,9,,500,500

