別立ち_服_通常_99,EagloV_断面.webp,0,0,320,500,106,0,,500,500
EagloV130_丁液_射精,EagloV_断面.webp,615,0,167,387,99,0,,500,500
EagloV130_丁液_先汁,EagloV_断面.webp,301,500,23,120,211,256,,500,500
EagloV130_丁日_丁日,EagloV_断面.webp,782,0,65,175,204,261,,500,500
EagloV130_颜效_喘息,EagloV_断面.webp,0,500,301,207,69,59,,500,500
EagloV130_颜效_颊红,EagloV_断面.webp,324,587,77,30,199,136,,500,500
EagloV130_颜效_睁目黑线,EagloV_断面.webp,848,367,13,13,206,136,,500,500
EagloV130_颜效_闭目眼泪,EagloV_断面.webp,324,545,84,42,199,117,,500,500
EagloV130_颜效_睁目眼泪,EagloV_断面.webp,301,671,77,37,201,122,,500,500
EagloV130_颜效_心眼,EagloV_断面.webp,189,707,57,30,216,119,,500,500
EagloV130_眉_挑眉,EagloV_断面.webp,0,707,62,34,222,97,,500,500
EagloV130_眉_皱眉,EagloV_断面.webp,129,707,60,32,224,99,,500,500
EagloV130_眉_常眉,EagloV_断面.webp,62,707,67,32,222,97,,500,500
EagloV130_鼻_鼻,EagloV_断面.webp,246,707,12,17,246,136,,500,500
EagloV130_目_笑目,EagloV_断面.webp,324,500,91,45,197,114,,500,500
EagloV130_目_单目,EagloV_断面.webp,847,130,94,44,197,114,,500,500
眼睛,EagloV_断面.webp,782,265,92,51,199,107,,500,500
EagloV130_目_暗目,EagloV_断面.webp,782,316,92,51,199,107,,500,500
EagloV130_目_白目,EagloV_断面.webp,301,620,92,51,199,107,,500,500
EagloV130_口_笑口,EagloV_断面.webp,782,367,18,12,226,152,,500,500
EagloV130_口_小口,EagloV_断面.webp,834,367,14,12,229,154,,500,500
EagloV130_口_大口,EagloV_断面.webp,800,367,17,17,227,152,,500,500
EagloV130_口_撇口,EagloV_断面.webp,817,367,17,10,226,156,,500,500
EagloV130_口_闭口,EagloV_断面.webp,782,379,16,8,227,156,,500,500
EagloV130_胸罩,EagloV_断面.webp,847,0,102,130,187,181,,500,500
EagloV130_胖次,EagloV_断面.webp,782,175,125,90,181,319,,500,500
EagloV130_服躯_常服,EagloV_断面.webp,615,387,244,328,117,172,,500,500
EagloV130_裸躯_躯干,EagloV_断面.webp,320,0,295,500,106,0,,500,500

