別立ち_服_通常_99,EagloV_断面.webp,0,0,494,500,6,0,,500,500
EagloV130_颜效_喘息,EagloV_断面.webp,473,500,302,208,113,50,,500,500
EagloV130_颜效_心眼,EagloV_断面.webp,680,802,67,19,221,112,,500,500
EagloV130_颜效_闭目眼泪,EagloV_断面.webp,572,793,94,20,207,114,,500,500
EagloV130_颜效_睁目眼泪,EagloV_断面.webp,672,782,88,20,211,119,,500,500
EagloV130_颜效_睁目黑线,EagloV_断面.webp,755,761,14,14,282,127,,500,500
EagloV130_颜效_颊红,EagloV_断面.webp,632,748,106,34,202,124,,500,500
EagloV130_丁液_射精,EagloV_断面.webp,775,500,167,393,231,31,,500,500
丁日,EagloV_断面.webp,159,824,86,198,217,302,,500,500
EagloV130_眉_挑眉,EagloV_断面.webp,680,821,80,17,214,89,,500,500
EagloV130_眉_常眉,EagloV_断面.webp,680,838,84,15,207,91,,500,500
EagloV130_眉_皱眉,EagloV_断面.webp,346,942,72,15,214,91,,500,500
EagloV130_目_笑目,EagloV_断面.webp,473,793,99,24,204,107,,500,500
EagloV130_目_单目,EagloV_断面.webp,245,942,101,32,202,107,,500,500
EagloV130_目_半目,EagloV_断面.webp,731,893,105,35,201,104,,500,500
EagloV130_目_常目,EagloV_断面.webp,632,708,102,40,202,99,,500,500
EagloV130_目_暗目,EagloV_断面.webp,629,865,102,40,202,99,,500,500
EagloV130_目_白目,EagloV_断面.webp,477,908,102,40,202,99,,500,500
EagloV130_鼻_鼻,EagloV_断面.webp,734,729,24,15,242,124,,500,500
EagloV130_颜效_面红,EagloV_断面.webp,629,813,51,52,227,93,,500,500
EagloV130_口_大笑,EagloV_断面.webp,734,708,34,21,242,142,,500,500
EagloV130_口_大口,EagloV_断面.webp,738,744,20,17,249,146,,500,500
EagloV130_口_小口,EagloV_断面.webp,738,761,17,17,251,146,,500,500
EagloV130_口_撇口,EagloV_断面.webp,473,817,22,7,249,151,,500,500
EagloV130_口_闭口,EagloV_断面.webp,655,782,17,5,251,151,,500,500
EagloV130_口_笑口,EagloV_断面.webp,632,782,23,9,247,147,,500,500
EagloV130_服躯_常服,EagloV_断面.webp,0,500,473,324,27,176,,500,500
EagloV130_胸罩,EagloV_断面.webp,473,708,159,85,179,228,,500,500
EagloV130_胖次_开裆裤,EagloV_断面.webp,245,824,232,118,141,382,,500,500
EagloV130_胖次,EagloV_断面.webp,477,824,152,84,182,402,,500,500
EagloV130_服躯_白无垢,EagloV_断面.webp,988,0,329,500,82,0,,500,500
EagloV72_裸腹_妊肚,EagloV_断面.webp,0,824,159,245,177,216,,500,500
EagloV130_裸躯_躯干,EagloV_断面.webp,494,0,494,500,6,0,,500,500

