別立ち_服_通常_99,EagloV_断面.webp,0,0,500,500,0,0,,500,500
EagloV72_特效_溢出,EagloV_断面.webp,500,708,166,188,107,126,,500,500
EagloV72_特效_精杯,EagloV_断面.webp,861,324,79,142,162,9,,500,500
EagloV72_特效_果汁,EagloV_断面.webp,763,887,27,97,181,52,,500,500
EagloV72_特效_托盘,EagloV_断面.webp,790,969,142,18,121,146,,500,500
EagloV130_颜效_喘息,EagloV_断面.webp,500,500,302,208,110,52,,500,500
EagloV130_颜效_心眼,EagloV_断面.webp,940,363,54,20,239,119,,500,500
EagloV130_颜效_睁目眼泪,EagloV_断面.webp,861,466,70,24,231,124,,500,500
EagloV130_颜效_睁目黑线,EagloV_断面.webp,957,401,14,14,274,109,,500,500
EagloV130_颜效_颊红,EagloV_断面.webp,500,935,99,37,219,129,,500,500
EagloV130_丁液_先汁,EagloV_断面.webp,957,941,32,30,280,313,,500,500
EagloV130_丁液_射精,EagloV_断面.webp,802,500,167,395,244,51,,500,500
EagloV72_丁液_涌精,EagloV_断面.webp,883,167,67,132,239,319,,500,500
EagloV72_丁液_垂精,EagloV_断面.webp,861,167,22,157,286,316,,500,500
EagloV130_丁日_丁日,EagloV_断面.webp,666,708,126,179,182,321,,500,500
EagloV130_口_大口,EagloV_断面.webp,940,383,20,17,259,149,,500,500
EagloV130_口_小口,EagloV_断面.webp,940,400,17,17,261,149,,500,500
EagloV130_口_撇口,EagloV_断面.webp,861,490,17,7,262,154,,500,500
大笑嘴,EagloV_断面.webp,989,941,30,17,254,147,,500,500
EagloV130_口_笑口,EagloV_断面.webp,989,958,23,10,257,151,,500,500
EagloV130_口_闭口,EagloV_断面.webp,931,487,20,7,259,154,,500,500
EagloV130_鼻_鼻,EagloV_断面.webp,960,383,17,18,249,130,,500,500
EagloV130_颜效_颊红,EagloV_断面.webp,957,895,46,46,237,107,,500,500
EagloV130_眉_挑眉,EagloV_断面.webp,599,952,67,21,227,102,,500,500
EagloV130_眉_皱眉,EagloV_断面.webp,599,930,67,22,227,101,,500,500
EagloV130_眉_常眉,EagloV_断面.webp,931,466,68,21,226,102,,500,500
EagloV130_目_单目,EagloV_断面.webp,584,896,81,34,227,107,,500,500
EagloV130_目_常目,EagloV_断面.webp,932,971,84,39,224,107,,500,500
EagloV130_目_暗目,EagloV_断面.webp,500,896,84,39,224,107,,500,500
EagloV130_目_白目,EagloV_断面.webp,940,324,84,39,224,107,,500,500
EagloV130_目_笑目,EagloV_断面.webp,883,299,81,25,227,116,,500,500
EagloV130_服躯_常服,EagloV_断面.webp,500,0,361,500,62,0,,500,500
EagloV130_胸罩,EagloV_断面.webp,861,0,142,167,206,179,,500,500
EagloV130_胖次,EagloV_断面.webp,790,895,167,74,136,377,,500,500
呆毛（脱衣后开启）,EagloV_断面.webp,666,887,97,87,164,19,,500,500
EagloV130_裸躯_躯干,EagloV_断面.webp,0,500,500,468,0,32,,500,500

