別立ち_服_通常_99,EagloV_断面.webp,0,500,485,500,15,0,,500,500
EagloV130_颜效_喘息,EagloV_断面.webp,491,1000,302,208,100,32,,500,500
EagloV130_颜效_心眼,EagloV_断面.webp,688,1208,57,22,219,91,,500,500
EagloV130_颜效_闭目眼泪,EagloV_断面.webp,589,1342,77,27,209,94,,500,500
EagloV130_颜效_颊红,EagloV_断面.webp,0,1356,95,35,201,101,,500,500
EagloV130_颜效_睁目黑线,EagloV_断面.webp,307,1385,14,14,269,104,,500,500
EagloV130_眉_挑眉,EagloV_断面.webp,672,1367,78,25,206,71,,500,500
EagloV130_眉_皱眉,EagloV_断面.webp,750,1351,73,22,206,74,,500,500
EagloV130_眉_常眉,EagloV_断面.webp,589,1369,83,25,201,71,,500,500
EagloV130_鼻_鼻,EagloV_断面.webp,720,1230,10,23,231,99,,500,500
EagloV130_目_单目,EagloV_断面.webp,95,1356,87,36,204,82,,500,500
EagloV130_目_常目,EagloV_断面.webp,182,1356,87,36,204,82,,500,500
EagloV130_目_暗目,EagloV_断面.webp,269,1349,87,36,204,82,,500,500
EagloV130_目_白目,EagloV_断面.webp,356,1349,87,36,204,82,,500,500
EagloV130_目_笑目,EagloV_断面.webp,443,1349,89,31,204,87,,500,500
EagloV130_颜效_颊红,EagloV_断面.webp,532,1342,57,53,213,80,,500,500
EagloV130_口_大口,EagloV_断面.webp,443,1380,20,19,241,124,,500,500
EagloV130_口_小口,EagloV_断面.webp,269,1385,17,15,242,126,,500,500
EagloV130_口_撇口,EagloV_断面.webp,0,1391,21,9,242,129,,500,500
EagloV130_口_闭口,EagloV_断面.webp,21,1391,17,7,244,131,,500,500
EagloV130_口_笑口,EagloV_断面.webp,286,1385,21,12,242,126,,500,500
从选区,EagloV_断面.webp,486,0,167,396,17,87,,500,500
EagloV130_丁液_先汁,EagloV_断面.webp,688,1230,32,30,118,352,,500,500
丁日,EagloV_断面.webp,745,1208,147,143,124,357,,500,500
EagloV130_胸罩,EagloV_断面.webp,793,1000,184,164,132,169,,500,500
EagloV130_胖次,EagloV_断面.webp,491,1208,197,134,146,349,,500,500
休闲服,EagloV_断面.webp,246,1000,245,349,126,151,,500,500
鼓,EagloV_断面.webp,485,500,442,500,44,0,,500,500
毛衣,EagloV_断面.webp,0,1000,246,356,127,144,,500,500
EagloV130_裸躯_躯干,EagloV_断面.webp,0,0,486,500,14,0,,500,500

