別立ち4_服_通常_25,EagloV_25.webp,0,0,500,500,0,0,,500,500
別立ち4_服_通常_25,EagloV_25.webp,100,0,300,300,0,0,,300,300
EagloV130_丁液_垂精,EagloV_25.webp,616,708,23,120,162,362,,500,500
EagloV130_丁液_射精,EagloV_25.webp,756,0,167,396,56,92,,500,500
EagloV130_丁液_先汁,EagloV_25.webp,500,846,32,30,160,352,,500,500
EagloV130_丁日_丁日,EagloV_25.webp,500,708,116,138,162,362,,500,500
EagloV130_颜效_喘息,EagloV_25.webp,500,500,302,208,120,52,,500,500
EagloV130_颜效_心眼,EagloV_25.webp,848,474,59,23,242,91,,500,500
EagloV130_颜效_闭目眼泪,EagloV_25.webp,756,435,92,33,224,96,,500,500
EagloV130_颜效_睁目眼泪,EagloV_25.webp,639,743,79,29,232,94,,500,500
EagloV130_颜效_睁目黑线,EagloV_25.webp,907,486,14,14,294,122,,500,500
EagloV130_颜效_颊红,EagloV_25.webp,756,396,92,39,222,102,,500,500
EagloV130_鼻_鼻,EagloV_25.webp,707,828,12,17,264,104,,500,500
EagloV130_眉_挑眉,EagloV_25.webp,639,772,77,29,241,69,,500,500
EagloV130_眉_皱眉,EagloV_25.webp,532,846,75,27,241,69,,500,500
EagloV130_眉_常眉,EagloV_25.webp,639,801,77,27,241,71,,500,500
EagloV130_目_单目,EagloV_25.webp,756,468,92,32,226,91,,500,500
EagloV130_目_常目,EagloV_25.webp,848,396,91,39,227,84,,500,500
EagloV130_目_暗目,EagloV_25.webp,848,435,91,39,227,84,,500,500
EagloV130_目_白目,EagloV_25.webp,616,828,91,39,227,84,,500,500
EagloV130_目_笑目,EagloV_25.webp,639,708,90,35,226,91,,500,500
EagloV130_口_笑口,EagloV_25.webp,907,474,27,12,251,127,,500,500
EagloV130_口_大口,EagloV_25.webp,954,484,18,16,256,127,,500,500
EagloV130_口_撇口,EagloV_25.webp,934,484,20,8,254,131,,500,500
EagloV130_口_闭口,EagloV_25.webp,934,474,24,10,252,129,,500,500
EagloV130_服躯_常服,EagloV_25.webp,500,0,256,500,132,0,,500,500
EagloV130_连体内衣,EagloV_25.webp,802,500,200,340,141,156,,500,500
EagloV130_裸躯_躯干,EagloV_25.webp,0,500,500,500,0,0,,500,500

