別立ち_服_通常_99,EagloV_断面.webp,0,0,500,500,0,0,,500,500
EagloV130_颜效_睁目黑线,EagloV_断面.webp,525,2033,13,12,231,126,,500,500
EagloV130_颜效_闭目眼泪,EagloV_断面.webp,538,2033,86,10,222,119,,500,500
EagloV130_颜效_睁目眼泪,EagloV_断面.webp,446,2036,79,12,224,122,,500,500
EagloV130_颜效_颊红,EagloV_断面.webp,32,2000,87,27,222,126,,500,500
EagloV130_眉_挑眉,EagloV_断面.webp,473,2000,74,12,229,99,,500,500
EagloV130_眉_皱眉,EagloV_断面.webp,481,2021,74,12,229,99,,500,500
EagloV130_眉_常眉,EagloV_断面.webp,473,2012,74,9,229,102,,500,500
EagloV130_目_单目红,EagloV_断面.webp,92,2027,90,21,219,112,,500,500
EagloV130_目_常目红,EagloV_断面.webp,119,2000,88,22,221,111,,500,500
EagloV130_目_暗目红,EagloV_断面.webp,182,2022,88,22,221,111,,500,500
EagloV130_目_白目红,EagloV_断面.webp,207,2000,88,22,221,111,,500,500
EagloV130_目_单目,EagloV_断面.webp,383,2000,90,21,219,112,,500,500
EagloV130_目_常目,EagloV_断面.webp,270,2022,88,22,221,111,,500,500
EagloV130_目_暗目,EagloV_断面.webp,295,2000,88,22,221,111,,500,500
EagloV130_目_白目,EagloV_断面.webp,358,2022,88,22,221,111,,500,500
EagloV130_目_闭目,EagloV_断面.webp,0,2030,92,15,219,114,,500,500
EagloV130_鼻_鼻,EagloV_断面.webp,464,2021,17,14,261,129,,500,500
EagloV130_口_闭口,EagloV_断面.webp,119,2022,16,5,257,149,,500,500
EagloV130_口_笑口,EagloV_断面.webp,547,2000,20,8,254,146,,500,500
EagloV130_口_大口,EagloV_断面.webp,446,2021,18,15,256,144,,500,500
EagloV130_口_撇口,EagloV_断面.webp,547,2008,17,6,256,147,,500,500
EagloV130_丁液_先汁,EagloV_断面.webp,0,2000,32,30,338,343,,500,500
EagloV130_丁液_射精,EagloV_断面.webp,500,1040,167,396,306,82,,500,500
EagloV130_特效_神光棒,EagloV_断面.webp,0,500,500,500,0,0,,500,500
EagloV130_丁日_丁日,EagloV_断面.webp,667,1040,120,148,246,352,,500,500
EagloV130_特效_粉色剑,EagloV_断面.webp,702,236,52,106,427,394,,500,500
EagloV130_特效_剑,EagloV_断面.webp,702,342,52,106,427,394,,500,500
EagloV130_服躯_常服,EagloV_断面.webp,766,1284,324,500,118,0,,500,500
EagloV130_服躯_逆兔女郎_妊肚,EagloV_断面.webp,0,1500,383,500,117,0,,500,500
EagloV130_服躯_逆兔女郎扶她,EagloV_断面.webp,383,1500,383,500,117,0,,500,500
EagloV130_服躯_逆兔女郎,EagloV_断面.webp,766,0,383,500,117,0,,500,500
EagloV130_服躯_护士服,EagloV_断面.webp,500,540,383,500,117,0,,500,500
EagloV130_胖次,EagloV_断面.webp,667,1188,192,96,179,382,,500,500
EagloV130_胸罩,EagloV_断面.webp,500,236,202,304,201,174,,500,500
EagloV72_裸腹_妊肚,EagloV_断面.webp,500,0,220,236,196,242,,500,500
EagloV130_特效_乳头,EagloV_断面.webp,720,0,42,71,364,247,,500,500
EagloV130_裸躯_躯干,EagloV_断面.webp,0,1000,500,500,0,0,,500,500

