別立ち_服_通常_99,EagloV_断面.webp,371,0,369,500,68,0,,500,500
EagloV130_丁液_射精,EagloV_断面.webp,740,464,167,395,46,39,,500,500
EagloV130_丁液_先汁,EagloV_断面.webp,199,766,32,30,147,292,,500,500
EagloV130_丁日_丁日,EagloV_断面.webp,301,500,125,201,149,299,,500,500
EagloV130_颜效_喘息,EagloV_断面.webp,0,500,301,208,92,55,,500,500
EagloV130_颜效_睁目黑线,EagloV_断面.webp,274,723,14,14,272,154,,500,500
EagloV130_颜效_闭目眼泪,EagloV_断面.webp,426,500,84,11,207,142,,500,500
EagloV130_颜效_睁目眼泪,EagloV_断面.webp,426,511,78,9,211,147,,500,500
EagloV130_颜效_心眼,EagloV_断面.webp,504,511,61,10,222,139,,500,500
EagloV130_颜效_颊红,EagloV_断面.webp,416,701,93,15,201,159,,500,500
EagloV130_特效_前发,EagloV_断面.webp,301,701,115,78,189,86,,500,500
EagloV130_眉_挑眉,EagloV_断面.webp,426,520,47,12,221,117,,500,500
EagloV130_眉_皱眉,EagloV_断面.webp,473,521,47,12,221,117,,500,500
EagloV130_眉_常眉,EagloV_断面.webp,510,500,47,9,221,117,,500,500
EagloV130_目_常目,EagloV_断面.webp,70,708,102,29,201,127,,500,500
EagloV130_目_暗目,EagloV_断面.webp,70,737,102,29,201,127,,500,500
EagloV130_目_白目,EagloV_断面.webp,172,708,102,29,201,127,,500,500
EagloV130_目_斜目,EagloV_断面.webp,172,737,102,29,201,127,,500,500
EagloV130_目_单目,EagloV_断面.webp,0,766,102,32,201,129,,500,500
EagloV130_目_笑目,EagloV_断面.webp,102,766,97,32,201,129,,500,500
EagloV130_鼻_鼻,EagloV_断面.webp,274,708,21,15,232,149,,500,500
EagloV130_口_大口,EagloV_断面.webp,231,766,25,20,236,164,,500,500
EagloV130_口_小口,EagloV_断面.webp,256,766,19,18,239,166,,500,500
EagloV130_口_撇口,EagloV_断面.webp,274,737,22,7,237,172,,500,500
EagloV130_口_闭口,EagloV_断面.webp,274,751,17,5,241,174,,500,500
EagloV130_口_笑口,EagloV_断面.webp,274,744,22,7,237,172,,500,500
EagloV130_服躯_常服,EagloV_断面.webp,0,0,371,500,67,0,,500,500
EagloV130_胖次,EagloV_断面.webp,0,708,70,58,206,391,,500,500
EagloV130_裸躯_躯干,EagloV_断面.webp,740,0,282,464,117,36,,500,500

