;------------------------------------------------------------
;	顔絵
;------------------------------------------------------------
;・ファイルネームはキャラIDに合わせる
;・デフォ設定 width180 height180
;サイズ変える場合は全てリサイズしないとズレます
;フォントの10倍以上で揃える
;縮小には耐えられますが拡大はやめたほうがいいかと

;・角色毎に1枚画像ファイルに収める
;服装違いをｙ軸、表情差分をｘ軸に増設
;・リソース定義規則
;顔絵の種類(ファイル名違い)_服装(Yの段落振り)_表情(Xの段落振り)_角色ID_差分
;種類	立絵、顔絵
;服装	体形、服、裸、特殊服装
;表情	通常、笑顔、憤怒、自慰、愛撫、性交
;エフェクト 照れ、吐息、汗
;差分   エフェクトを共有しない画像

;リソース名,元ファイル名,x,y,width,height
;デフォルトネーム
;顔絵_服_通常_17,17_顔.webp,0,0,180,180

;_裸
;ないキャラは服の座標で代用
;既に定義されているので、追加したら座標だけ変える
;顔絵_裸_通常_17,17_顔.webp,0,180,180,180

;表情
;顔絵_服_笑顔_17,17_顔.webp,180,0,180,180
;顔絵_服_憤怒_17,17_顔.webp,360,0,180,180
;顔絵_裸_笑顔_17,17_顔.webp,180,180,180,180
;顔絵_裸_憤怒_17,17_顔.webp,360,180,180,180
;顔絵_裸_自慰_17,17_顔.webp,400,180,180,180
;顔絵_裸_愛撫_17,17_顔.webp,0,360,180,180
;顔絵_裸_性交_17,17_顔.webp,180,360,180,180

;エフェクト 上から重ねて表示されます
;顔絵_照れ_17,17_顔.webp,540,0,180,180
;顔絵_吐息_17,17_顔.webp,360,360,180,180
;顔絵_汗_17,17_顔.webp,540,360,180,180

;差分は裸やエフェクトを共有しない画像に使用
;共有する場合は特殊服装を使用する

;------------------------------------------------------------					
;1_霊夢
;------------------------------------------------------------					
別立ち4_裸_正常_1,1_cg.webp,0,0,400,400
別立ち4_裸_後背_1,1_cg.webp,400,0,400,400
別立ち4_裸_騎乗_1,1_cg.webp,800,0,400,400
別立ち4_裸_对面座位_1,1_cg.webp,1200,0,400,400
別立ち4_裸_背面座位_1,1_cg.webp,1600,0,400,400

別立ち4_裸_COM60_1,1_cg.webp,0,0,400,400
別立ち4_裸_COM62_1,1_cg.webp,0,0,400,400
別立ち4_裸_COM61_1,1_cg.webp,400,0,400,400
別立ち4_裸_COM63_1,1_cg.webp,400,0,400,400
別立ち4_裸_COM65_1,1_cg.webp,800,0,400,400
別立ち4_裸_COM66_1,1_cg.webp,800,0,400,400
別立ち4_裸_COM67_1,1_cg.webp,1200,0,400,400
別立ち4_裸_COM69_1,1_cg.webp,1200,0,400,400
別立ち4_裸_COM68_1,1_cg.webp,1600,0,400,400
別立ち4_裸_COM70_1,1_cg.webp,1600,0,400,400

立绘_COM60_1,ANIME,180,180
立绘_COM60_1,1_M.webp,0,0,180,180,0,0,50
立绘_COM60_1,1_M.webp,180,0,180,180,0,0,50
立绘_COM60_1,1_M.webp,360,0,180,180,0,0,50
立绘_COM60_1,1_M.webp,540,0,180,180,0,0,50
立绘_COM60_1,1_M.webp,720,0,180,180,0,0,50
立绘_COM60_1,1_M.webp,900,0,180,180,0,0,50
立绘_COM60_1,1_M.webp,1080,0,180,180,0,0,50
立绘_COM60_1,1_M.webp,1260,0,180,180,0,0,50
立绘_COM60_1,1_M.webp,1440,0,180,180,0,0,50
立绘_COM60_1,1_M.webp,1620,0,180,180,0,0,50
立绘_COM60_1,1_M.webp,0,180,180,180,0,0,50
立绘_COM60_1,1_M.webp,180,180,180,180,0,0,50
立绘_COM60_1,1_M.webp,360,180,180,180,0,0,50
立绘_COM60_1,1_M.webp,540,180,180,180,0,0,50
立绘_COM60_1,1_M.webp,720,180,180,180,0,0,50
立绘_COM60_1,1_M.webp,900,180,180,180,0,0,50
立绘_COM60_1,1_M.webp,1080,180,180,180,0,0,50
立绘_COM60_1,1_M.webp,1260,180,180,180,0,0,50
立绘_COM60_1,1_M.webp,1440,180,180,180,0,0,50
立绘_COM60_1,1_M.webp,1620,180,180,180,0,0,50
立绘_COM60_1,1_M.webp,0,360,180,180,0,0,50
立绘_COM60_1,1_M.webp,180,360,180,180,0,0,50
立绘_COM60_1,1_M.webp,360,360,180,180,0,0,50
立绘_COM60_1,1_M.webp,540,360,180,180,0,0,50
立绘_COM60_1,1_M.webp,720,360,180,180,0,0,50
立绘_COM60_1,1_M.webp,900,360,180,180,0,0,50
立绘_COM60_1,1_M.webp,1080,360,180,180,0,0,50
立绘_COM60_1,1_M.webp,1260,360,180,180,0,0,50
立绘_COM60_1,1_M.webp,1440,360,180,180,0,0,50
立绘_COM60_1,1_M.webp,1620,360,180,180,0,0,50
立绘_COM60_1,1_M.webp,0,540,180,180,0,0,50
立绘_COM60_1,1_M.webp,180,540,180,180,0,0,50
立绘_COM60_1,1_M.webp,360,540,180,180,0,0,50
立绘_COM60_1,1_M.webp,540,540,180,180,0,0,50
立绘_COM60_1,1_M.webp,720,540,180,180,0,0,50
立绘_COM60_1,1_M.webp,900,540,180,180,0,0,50
立绘_COM60_1,1_M.webp,1080,540,180,180,0,0,50
立绘_COM60_1,1_M.webp,1260,540,180,180,0,0,50
立绘_COM60_1,1_M.webp,1440,540,180,180,0,0,50
立绘_COM60_1,1_M.webp,1620,540,180,180,0,0,50
立绘_COM60_1,1_M.webp,0,720,180,180,0,0,50
立绘_COM60_1,1_M.webp,180,720,180,180,0,0,50
立绘_COM60_1,1_M.webp,360,720,180,180,0,0,50
立绘_COM60_1,1_M.webp,540,720,180,180,0,0,50
立绘_COM60_1,1_M.webp,720,720,180,180,0,0,50
立绘_COM60_1,1_M.webp,900,720,180,180,0,0,50
立绘_COM60_1,1_M.webp,1080,720,180,180,0,0,50
立绘_COM60_1,1_M.webp,1260,720,180,180,0,0,50
立绘_COM60_1,1_M.webp,1440,720,180,180,0,0,50
立绘_COM60_1,1_M.webp,1620,720,180,180,0,0,50
立绘_COM60_1,1_M.webp,0,900,180,180,0,0,50
立绘_COM60_1,1_M.webp,180,900,180,180,0,0,50
立绘_COM60_1,1_M.webp,360,900,180,180,0,0,50
立绘_COM60_1,1_M.webp,540,900,180,180,0,0,50
立绘_COM60_1,1_M.webp,720,900,180,180,0,0,50
立绘_COM60_1,1_M.webp,900,900,180,180,0,0,50
立绘_COM60_1,1_M.webp,1080,900,180,180,0,0,50
立绘_COM60_1,1_M.webp,1260,900,180,180,0,0,50
立绘_COM60_1,1_M.webp,1440,900,180,180,0,0,50
立绘_COM60_1,1_M.webp,1620,900,180,180,0,0,50
立绘_COM60_1,1_M.webp,0,1080,180,180,0,0,50
立绘_COM60_1,1_M.webp,180,1080,180,180,0,0,50
立绘_COM60_1,1_M.webp,360,1080,180,180,0,0,50
立绘_COM60_1,1_M.webp,540,1080,180,180,0,0,50
立绘_COM60_1,1_M.webp,720,1080,180,180,0,0,50
立绘_COM60_1,1_M.webp,900,1080,180,180,0,0,50
立绘_COM60_1,1_M.webp,1080,1080,180,180,0,0,50
立绘_COM60_1,1_M.webp,1260,1080,180,180,0,0,50
立绘_COM60_1,1_M.webp,1440,1080,180,180,0,0,50
立绘_COM60_1,1_M.webp,1620,1080,180,180,0,0,50
立绘_COM60_1,1_M.webp,0,1260,180,180,0,0,50
立绘_COM60_1,1_M.webp,180,1260,180,180,0,0,50
立绘_COM60_1,1_M.webp,360,1260,180,180,0,0,50
立绘_COM60_1,1_M.webp,540,1260,180,180,0,0,50
立绘_COM60_1,1_M.webp,720,1260,180,180,0,0,50
立绘_COM60_1,1_M.webp,900,1260,180,180,0,0,50
立绘_COM60_1,1_M.webp,1080,1260,180,180,0,0,50
立绘_COM60_1,1_M.webp,1260,1260,180,180,0,0,50
立绘_COM60_1,1_M.webp,1440,1260,180,180,0,0,50
立绘_COM60_1,1_M.webp,1620,1260,180,180,0,0,50
立绘_COM60_1,1_M.webp,0,1440,180,180,0,0,50
立绘_COM60_1,1_M.webp,180,1440,180,180,0,0,50
立绘_COM60_1,1_M.webp,360,1440,180,180,0,0,50
立绘_COM60_1,1_M.webp,540,1440,180,180,0,0,50
立绘_COM60_1,1_M.webp,720,1440,180,180,0,0,50
立绘_COM60_1,1_M.webp,900,1440,180,180,0,0,50
立绘_COM60_1,1_M.webp,1080,1440,180,180,0,0,50
立绘_COM60_1,1_M.webp,1260,1440,180,180,0,0,50
立绘_COM60_1,1_M.webp,1440,1440,180,180,0,0,50
立绘_COM60_1,1_M.webp,1620,1440,180,180,0,0,50
立绘_COM60_1,1_M.webp,0,1620,180,180,0,0,50
立绘_COM60_1,1_M.webp,180,1620,180,180,0,0,50
立绘_COM60_1,1_M.webp,360,1620,180,180,0,0,50
立绘_COM60_1,1_M.webp,540,1620,180,180,0,0,50
立绘_COM60_1,1_M.webp,720,1620,180,180,0,0,50
立绘_COM60_1,1_M.webp,900,1620,180,180,0,0,50
立绘_COM60_1,1_M.webp,1080,1620,180,180,0,0,50
立绘_COM60_1,1_M.webp,1260,1620,180,180,0,0,50
立绘_COM60_1,1_M.webp,1440,1620,180,180,0,0,50
立绘_COM60_1,1_M.webp,1620,1620,180,180,0,0,50
