
AS06MARKIV____服_笑顔动_25,ANIME,500,500
AS06MARKIV____服_笑顔动_25,服_笑顔动_25.webp,0,0,500,500,0,0,42
AS06MARKIV____服_笑顔动_25,服_笑顔动_25.webp,500,0,500,500,0,0,42
AS06MARKIV____服_笑顔动_25,服_笑顔动_25.webp,1000,0,500,500,0,0,42
AS06MARKIV____服_笑顔动_25,服_笑顔动_25.webp,1500,0,500,500,0,0,42
AS06MARKIV____服_笑顔动_25,服_笑顔动_25.webp,2000,0,500,500,0,0,42
AS06MARKIV____服_笑顔动_25,服_笑顔动_25.webp,2500,0,500,500,0,0,42
AS06MARKIV____服_笑顔动_25,服_笑顔动_25.webp,3000,0,500,500,0,0,42
AS06MARKIV____服_笑顔动_25,服_笑顔动_25.webp,3500,0,500,500,0,0,42
AS06MARKIV____服_笑顔动_25,服_笑顔动_25.webp,4000,0,500,500,0,0,42
AS06MARKIV____服_笑顔动_25,服_笑顔动_25.webp,4500,0,500,500,0,0,42
AS06MARKIV____服_笑顔动_25,服_笑顔动_25.webp,5000,0,500,500,0,0,42
AS06MARKIV____服_笑顔动_25,服_笑顔动_25.webp,5500,0,500,500,0,0,42
AS06MARKIV____服_笑顔动_25,服_笑顔动_25.webp,6000,0,500,500,0,0,42
AS06MARKIV____服_笑顔动_25,服_笑顔动_25.webp,6500,0,500,500,0,0,42
AS06MARKIV____服_笑顔动_25,服_笑顔动_25.webp,7000,0,500,500,0,0,42
AS06MARKIV____服_笑顔动_25,服_笑顔动_25.webp,7500,0,500,500,0,0,42
AS06MARKIV____服_笑顔动_25,服_笑顔动_25.webp,0,500,500,500,0,0,42
AS06MARKIV____服_笑顔动_25,服_笑顔动_25.webp,500,500,500,500,0,0,42
AS06MARKIV____服_笑顔动_25,服_笑顔动_25.webp,1000,500,500,500,0,0,42
AS06MARKIV____服_笑顔动_25,服_笑顔动_25.webp,1500,500,500,500,0,0,42
AS06MARKIV____服_笑顔动_25,服_笑顔动_25.webp,2000,500,500,500,0,0,42
AS06MARKIV____服_笑顔动_25,服_笑顔动_25.webp,2500,500,500,500,0,0,42
AS06MARKIV____服_笑顔动_25,服_笑顔动_25.webp,3000,500,500,500,0,0,42
AS06MARKIV____服_笑顔动_25,服_笑顔动_25.webp,3500,500,500,500,0,0,42
AS06MARKIV____服_笑顔动_25,服_笑顔动_25.webp,4000,500,500,500,0,0,42
AS06MARKIV____服_笑顔动_25,服_笑顔动_25.webp,4500,500,500,500,0,0,42
AS06MARKIV____服_笑顔动_25,服_笑顔动_25.webp,5000,500,500,500,0,0,42
AS06MARKIV____服_笑顔动_25,服_笑顔动_25.webp,5500,500,500,500,0,0,42
AS06MARKIV____服_笑顔动_25,服_笑顔动_25.webp,6000,500,500,500,0,0,42
AS06MARKIV____服_笑顔动_25,服_笑顔动_25.webp,6500,500,500,500,0,0,42
AS06MARKIV____服_笑顔动_25,服_笑顔动_25.webp,7000,500,500,500,0,0,42
AS06MARKIV____服_笑顔动_25,服_笑顔动_25.webp,7500,500,500,500,0,0,42
AS06MARKIV____服_笑顔动_25,服_笑顔动_25.webp,0,1000,500,500,0,0,42
AS06MARKIV____服_笑顔动_25,服_笑顔动_25.webp,500,1000,500,500,0,0,42
AS06MARKIV____服_笑顔动_25,服_笑顔动_25.webp,1000,1000,500,500,0,0,42
AS06MARKIV____服_笑顔动_25,服_笑顔动_25.webp,1500,1000,500,500,0,0,42
AS06MARKIV____服_笑顔动_25,服_笑顔动_25.webp,2000,1000,500,500,0,0,42
AS06MARKIV____服_笑顔动_25,服_笑顔动_25.webp,2500,1000,500,500,0,0,42
AS06MARKIV____服_笑顔动_25,服_笑顔动_25.webp,3000,1000,500,500,0,0,42
AS06MARKIV____服_笑顔动_25,服_笑顔动_25.webp,3500,1000,500,500,0,0,42
AS06MARKIV____服_笑顔动_25,服_笑顔动_25.webp,4000,1000,500,500,0,0,42
AS06MARKIV____服_笑顔动_25,服_笑顔动_25.webp,4500,1000,500,500,0,0,42
AS06MARKIV____服_笑顔动_25,服_笑顔动_25.webp,5000,1000,500,500,0,0,42
AS06MARKIV____服_笑顔动_25,服_笑顔动_25.webp,5500,1000,500,500,0,0,42
AS06MARKIV____服_笑顔动_25,服_笑顔动_25.webp,6000,1000,500,500,0,0,42
AS06MARKIV____服_笑顔动_25,服_笑顔动_25.webp,6500,1000,500,500,0,0,42
AS06MARKIV____服_笑顔动_25,服_笑顔动_25.webp,7000,1000,500,500,0,0,42
AS06MARKIV____服_笑顔动_25,服_笑顔动_25.webp,7500,1000,500,500,0,0,42
AS06MARKIV____服_笑顔动_25,服_笑顔动_25.webp,0,1500,500,500,0,0,42
AS06MARKIV____服_笑顔动_25,服_笑顔动_25.webp,500,1500,500,500,0,0,42
AS06MARKIV____服_笑顔动_25,服_笑顔动_25.webp,1000,1500,500,500,0,0,42
AS06MARKIV____服_笑顔动_25,服_笑顔动_25.webp,1500,1500,500,500,0,0,42
AS06MARKIV____服_笑顔动_25,服_笑顔动_25.webp,2000,1500,500,500,0,0,42
AS06MARKIV____服_笑顔动_25,服_笑顔动_25.webp,2500,1500,500,500,0,0,42
AS06MARKIV____服_笑顔动_25,服_笑顔动_25.webp,3000,1500,500,500,0,0,42
AS06MARKIV____服_笑顔动_25,服_笑顔动_25.webp,3500,1500,500,500,0,0,42
AS06MARKIV____服_笑顔动_25,服_笑顔动_25.webp,4000,1500,500,500,0,0,42
AS06MARKIV____服_笑顔动_25,服_笑顔动_25.webp,4500,1500,500,500,0,0,42
AS06MARKIV____服_笑顔动_25,服_笑顔动_25.webp,5000,1500,500,500,0,0,42
AS06MARKIV____服_笑顔动_25,服_笑顔动_25.webp,5500,1500,500,500,0,0,42
AS06MARKIV____服_笑顔动_25,服_笑顔动_25.webp,6000,1500,500,500,0,0,42
AS06MARKIV____服_笑顔动_25,服_笑顔动_25.webp,6500,1500,500,500,0,0,42
AS06MARKIV____服_笑顔动_25,服_笑顔动_25.webp,7000,1500,500,500,0,0,42
AS06MARKIV____服_笑顔动_25,服_笑顔动_25.webp,7500,1500,500,500,0,0,42
AS06MARKIV____服_笑顔动_25,服_笑顔动_25.webp,0,2000,500,500,0,0,42
AS06MARKIV____服_笑顔动_25,服_笑顔动_25.webp,500,2000,500,500,0,0,42
AS06MARKIV____服_笑顔动_25,服_笑顔动_25.webp,1000,2000,500,500,0,0,42
AS06MARKIV____服_笑顔动_25,服_笑顔动_25.webp,1500,2000,500,500,0,0,42
AS06MARKIV____服_笑顔动_25,服_笑顔动_25.webp,2000,2000,500,500,0,0,42
AS06MARKIV____服_笑顔动_25,服_笑顔动_25.webp,2500,2000,500,500,0,0,42
AS06MARKIV____服_笑顔动_25,服_笑顔动_25.webp,3000,2000,500,500,0,0,42
AS06MARKIV____服_笑顔动_25,服_笑顔动_25.webp,3500,2000,500,500,0,0,42
AS06MARKIV____服_笑顔动_25,服_笑顔动_25.webp,4000,2000,500,500,0,0,42
AS06MARKIV____服_笑顔动_25,服_笑顔动_25.webp,4500,2000,500,500,0,0,42
AS06MARKIV____服_笑顔动_25,服_笑顔动_25.webp,5000,2000,500,500,0,0,42
AS06MARKIV____服_笑顔动_25,服_笑顔动_25.webp,5500,2000,500,500,0,0,42
AS06MARKIV____服_笑顔动_25,服_笑顔动_25.webp,6000,2000,500,500,0,0,42
AS06MARKIV____服_笑顔动_25,服_笑顔动_25.webp,6500,2000,500,500,0,0,42
AS06MARKIV____服_笑顔动_25,服_笑顔动_25.webp,7000,2000,500,500,0,0,42
AS06MARKIV____服_笑顔动_25,服_笑顔动_25.webp,7500,2000,500,500,0,0,42
AS06MARKIV____服_笑顔动_25,服_笑顔动_25.webp,0,2500,500,500,0,0,42
AS06MARKIV____服_笑顔动_25,服_笑顔动_25.webp,500,2500,500,500,0,0,42
AS06MARKIV____服_笑顔动_25,服_笑顔动_25.webp,1000,2500,500,500,0,0,42
AS06MARKIV____服_笑顔动_25,服_笑顔动_25.webp,1500,2500,500,500,0,0,42
AS06MARKIV____服_笑顔动_25,服_笑顔动_25.webp,2000,2500,500,500,0,0,42
AS06MARKIV____服_笑顔动_25,服_笑顔动_25.webp,2500,2500,500,500,0,0,42
AS06MARKIV____服_笑顔动_25,服_笑顔动_25.webp,3000,2500,500,500,0,0,42
AS06MARKIV____服_笑顔动_25,服_笑顔动_25.webp,3500,2500,500,500,0,0,42
AS06MARKIV____服_笑顔动_25,服_笑顔动_25.webp,4000,2500,500,500,0,0,42
AS06MARKIV____服_笑顔动_25,服_笑顔动_25.webp,4500,2500,500,500,0,0,42
AS06MARKIV____服_笑顔动_25,服_笑顔动_25.webp,5000,2500,500,500,0,0,42
AS06MARKIV____服_笑顔动_25,服_笑顔动_25.webp,5500,2500,500,500,0,0,42
AS06MARKIV____服_笑顔动_25,服_笑顔动_25.webp,6000,2500,500,500,0,0,42
AS06MARKIV____服_笑顔动_25,服_笑顔动_25.webp,6500,2500,500,500,0,0,42
AS06MARKIV____服_笑顔动_25,服_笑顔动_25.webp,7000,2500,500,500,0,0,42
AS06MARKIV____服_笑顔动_25,服_笑顔动_25.webp,7500,2500,500,500,0,0,42
AS06MARKIV____服_笑顔动_25,服_笑顔动_25.webp,0,3000,500,500,0,0,42
AS06MARKIV____服_笑顔动_25,服_笑顔动_25.webp,500,3000,500,500,0,0,42
AS06MARKIV____服_笑顔动_25,服_笑顔动_25.webp,1000,3000,500,500,0,0,42
AS06MARKIV____服_笑顔动_25,服_笑顔动_25.webp,1500,3000,500,500,0,0,42
AS06MARKIV____服_笑顔动_25,服_笑顔动_25.webp,2000,3000,500,500,0,0,42
AS06MARKIV____服_笑顔动_25,服_笑顔动_25.webp,2500,3000,500,500,0,0,42
AS06MARKIV____服_笑顔动_25,服_笑顔动_25.webp,3000,3000,500,500,0,0,42
AS06MARKIV____服_笑顔动_25,服_笑顔动_25.webp,3500,3000,500,500,0,0,42
AS06MARKIV____服_笑顔动_25,服_笑顔动_25.webp,4000,3000,500,500,0,0,42
AS06MARKIV____服_笑顔动_25,服_笑顔动_25.webp,4500,3000,500,500,0,0,42
AS06MARKIV____服_笑顔动_25,服_笑顔动_25.webp,5000,3000,500,500,0,0,42
AS06MARKIV____服_笑顔动_25,服_笑顔动_25.webp,5500,3000,500,500,0,0,42
AS06MARKIV____服_笑顔动_25,服_笑顔动_25.webp,6000,3000,500,500,0,0,42
AS06MARKIV____服_笑顔动_25,服_笑顔动_25.webp,6500,3000,500,500,0,0,42
AS06MARKIV____服_笑顔动_25,服_笑顔动_25.webp,7000,3000,500,500,0,0,42
AS06MARKIV____服_笑顔动_25,服_笑顔动_25.webp,7500,3000,500,500,0,0,42
AS06MARKIV____服_笑顔动_25,服_笑顔动_25.webp,0,3500,500,500,0,0,42
AS06MARKIV____服_笑顔动_25,服_笑顔动_25.webp,500,3500,500,500,0,0,42
AS06MARKIV____服_笑顔动_25,服_笑顔动_25.webp,1000,3500,500,500,0,0,42
AS06MARKIV____服_笑顔动_25,服_笑顔动_25.webp,1500,3500,500,500,0,0,42
AS06MARKIV____服_笑顔动_25,服_笑顔动_25.webp,2000,3500,500,500,0,0,42
AS06MARKIV____服_笑顔动_25,服_笑顔动_25.webp,2500,3500,500,500,0,0,42
AS06MARKIV____服_笑顔动_25,服_笑顔动_25.webp,3000,3500,500,500,0,0,42
AS06MARKIV____服_笑顔动_25,服_笑顔动_25.webp,3500,3500,500,500,0,0,42
AS06MARKIV____服_笑顔动_25,服_笑顔动_25.webp,4000,3500,500,500,0,0,42

颜AS06MARKIV____服_笑顔动_25,ANIME,300,300
颜AS06MARKIV____服_笑顔动_25,服_笑顔动_25.webp,100,0,300,300,0,0,42
颜AS06MARKIV____服_笑顔动_25,服_笑顔动_25.webp,600,0,300,300,0,0,42
颜AS06MARKIV____服_笑顔动_25,服_笑顔动_25.webp,1100,0,300,300,0,0,42
颜AS06MARKIV____服_笑顔动_25,服_笑顔动_25.webp,1600,0,300,300,0,0,42
颜AS06MARKIV____服_笑顔动_25,服_笑顔动_25.webp,2100,0,300,300,0,0,42
颜AS06MARKIV____服_笑顔动_25,服_笑顔动_25.webp,2600,0,300,300,0,0,42
颜AS06MARKIV____服_笑顔动_25,服_笑顔动_25.webp,3100,0,300,300,0,0,42
颜AS06MARKIV____服_笑顔动_25,服_笑顔动_25.webp,3600,0,300,300,0,0,42
颜AS06MARKIV____服_笑顔动_25,服_笑顔动_25.webp,4100,0,300,300,0,0,42
颜AS06MARKIV____服_笑顔动_25,服_笑顔动_25.webp,4600,0,300,300,0,0,42
颜AS06MARKIV____服_笑顔动_25,服_笑顔动_25.webp,5100,0,300,300,0,0,42
颜AS06MARKIV____服_笑顔动_25,服_笑顔动_25.webp,5600,0,300,300,0,0,42
颜AS06MARKIV____服_笑顔动_25,服_笑顔动_25.webp,6100,0,300,300,0,0,42
颜AS06MARKIV____服_笑顔动_25,服_笑顔动_25.webp,6600,0,300,300,0,0,42
颜AS06MARKIV____服_笑顔动_25,服_笑顔动_25.webp,7100,0,300,300,0,0,42
颜AS06MARKIV____服_笑顔动_25,服_笑顔动_25.webp,7600,0,300,300,0,0,42
颜AS06MARKIV____服_笑顔动_25,服_笑顔动_25.webp,100,500,300,300,0,0,42
颜AS06MARKIV____服_笑顔动_25,服_笑顔动_25.webp,600,500,300,300,0,0,42
颜AS06MARKIV____服_笑顔动_25,服_笑顔动_25.webp,1100,500,300,300,0,0,42
颜AS06MARKIV____服_笑顔动_25,服_笑顔动_25.webp,1600,500,300,300,0,0,42
颜AS06MARKIV____服_笑顔动_25,服_笑顔动_25.webp,2100,500,300,300,0,0,42
颜AS06MARKIV____服_笑顔动_25,服_笑顔动_25.webp,2600,500,300,300,0,0,42
颜AS06MARKIV____服_笑顔动_25,服_笑顔动_25.webp,3100,500,300,300,0,0,42
颜AS06MARKIV____服_笑顔动_25,服_笑顔动_25.webp,3600,500,300,300,0,0,42
颜AS06MARKIV____服_笑顔动_25,服_笑顔动_25.webp,4100,500,300,300,0,0,42
颜AS06MARKIV____服_笑顔动_25,服_笑顔动_25.webp,4600,500,300,300,0,0,42
颜AS06MARKIV____服_笑顔动_25,服_笑顔动_25.webp,5100,500,300,300,0,0,42
颜AS06MARKIV____服_笑顔动_25,服_笑顔动_25.webp,5600,500,300,300,0,0,42
颜AS06MARKIV____服_笑顔动_25,服_笑顔动_25.webp,6100,500,300,300,0,0,42
颜AS06MARKIV____服_笑顔动_25,服_笑顔动_25.webp,6600,500,300,300,0,0,42
颜AS06MARKIV____服_笑顔动_25,服_笑顔动_25.webp,7100,500,300,300,0,0,42
颜AS06MARKIV____服_笑顔动_25,服_笑顔动_25.webp,7600,500,300,300,0,0,42
颜AS06MARKIV____服_笑顔动_25,服_笑顔动_25.webp,100,1000,300,300,0,0,42
颜AS06MARKIV____服_笑顔动_25,服_笑顔动_25.webp,600,1000,300,300,0,0,42
颜AS06MARKIV____服_笑顔动_25,服_笑顔动_25.webp,1100,1000,300,300,0,0,42
颜AS06MARKIV____服_笑顔动_25,服_笑顔动_25.webp,1600,1000,300,300,0,0,42
颜AS06MARKIV____服_笑顔动_25,服_笑顔动_25.webp,2100,1000,300,300,0,0,42
颜AS06MARKIV____服_笑顔动_25,服_笑顔动_25.webp,2600,1000,300,300,0,0,42
颜AS06MARKIV____服_笑顔动_25,服_笑顔动_25.webp,3100,1000,300,300,0,0,42
颜AS06MARKIV____服_笑顔动_25,服_笑顔动_25.webp,3600,1000,300,300,0,0,42
颜AS06MARKIV____服_笑顔动_25,服_笑顔动_25.webp,4100,1000,300,300,0,0,42
颜AS06MARKIV____服_笑顔动_25,服_笑顔动_25.webp,4600,1000,300,300,0,0,42
颜AS06MARKIV____服_笑顔动_25,服_笑顔动_25.webp,5100,1000,300,300,0,0,42
颜AS06MARKIV____服_笑顔动_25,服_笑顔动_25.webp,5600,1000,300,300,0,0,42
颜AS06MARKIV____服_笑顔动_25,服_笑顔动_25.webp,6100,1000,300,300,0,0,42
颜AS06MARKIV____服_笑顔动_25,服_笑顔动_25.webp,6600,1000,300,300,0,0,42
颜AS06MARKIV____服_笑顔动_25,服_笑顔动_25.webp,7100,1000,300,300,0,0,42
颜AS06MARKIV____服_笑顔动_25,服_笑顔动_25.webp,7600,1000,300,300,0,0,42
颜AS06MARKIV____服_笑顔动_25,服_笑顔动_25.webp,100,1500,300,300,0,0,42
颜AS06MARKIV____服_笑顔动_25,服_笑顔动_25.webp,600,1500,300,300,0,0,42
颜AS06MARKIV____服_笑顔动_25,服_笑顔动_25.webp,1100,1500,300,300,0,0,42
颜AS06MARKIV____服_笑顔动_25,服_笑顔动_25.webp,1600,1500,300,300,0,0,42
颜AS06MARKIV____服_笑顔动_25,服_笑顔动_25.webp,2100,1500,300,300,0,0,42
颜AS06MARKIV____服_笑顔动_25,服_笑顔动_25.webp,2600,1500,300,300,0,0,42
颜AS06MARKIV____服_笑顔动_25,服_笑顔动_25.webp,3100,1500,300,300,0,0,42
颜AS06MARKIV____服_笑顔动_25,服_笑顔动_25.webp,3600,1500,300,300,0,0,42
颜AS06MARKIV____服_笑顔动_25,服_笑顔动_25.webp,4100,1500,300,300,0,0,42
颜AS06MARKIV____服_笑顔动_25,服_笑顔动_25.webp,4600,1500,300,300,0,0,42
颜AS06MARKIV____服_笑顔动_25,服_笑顔动_25.webp,5100,1500,300,300,0,0,42
颜AS06MARKIV____服_笑顔动_25,服_笑顔动_25.webp,5600,1500,300,300,0,0,42
颜AS06MARKIV____服_笑顔动_25,服_笑顔动_25.webp,6100,1500,300,300,0,0,42
颜AS06MARKIV____服_笑顔动_25,服_笑顔动_25.webp,6600,1500,300,300,0,0,42
颜AS06MARKIV____服_笑顔动_25,服_笑顔动_25.webp,7100,1500,300,300,0,0,42
颜AS06MARKIV____服_笑顔动_25,服_笑顔动_25.webp,7600,1500,300,300,0,0,42
颜AS06MARKIV____服_笑顔动_25,服_笑顔动_25.webp,100,2000,300,300,0,0,42
颜AS06MARKIV____服_笑顔动_25,服_笑顔动_25.webp,600,2000,300,300,0,0,42
颜AS06MARKIV____服_笑顔动_25,服_笑顔动_25.webp,1100,2000,300,300,0,0,42
颜AS06MARKIV____服_笑顔动_25,服_笑顔动_25.webp,1600,2000,300,300,0,0,42
颜AS06MARKIV____服_笑顔动_25,服_笑顔动_25.webp,2100,2000,300,300,0,0,42
颜AS06MARKIV____服_笑顔动_25,服_笑顔动_25.webp,2600,2000,300,300,0,0,42
颜AS06MARKIV____服_笑顔动_25,服_笑顔动_25.webp,3100,2000,300,300,0,0,42
颜AS06MARKIV____服_笑顔动_25,服_笑顔动_25.webp,3600,2000,300,300,0,0,42
颜AS06MARKIV____服_笑顔动_25,服_笑顔动_25.webp,4100,2000,300,300,0,0,42
颜AS06MARKIV____服_笑顔动_25,服_笑顔动_25.webp,4600,2000,300,300,0,0,42
颜AS06MARKIV____服_笑顔动_25,服_笑顔动_25.webp,5100,2000,300,300,0,0,42
颜AS06MARKIV____服_笑顔动_25,服_笑顔动_25.webp,5600,2000,300,300,0,0,42
颜AS06MARKIV____服_笑顔动_25,服_笑顔动_25.webp,6100,2000,300,300,0,0,42
颜AS06MARKIV____服_笑顔动_25,服_笑顔动_25.webp,6600,2000,300,300,0,0,42
颜AS06MARKIV____服_笑顔动_25,服_笑顔动_25.webp,7100,2000,300,300,0,0,42
颜AS06MARKIV____服_笑顔动_25,服_笑顔动_25.webp,7600,2000,300,300,0,0,42
颜AS06MARKIV____服_笑顔动_25,服_笑顔动_25.webp,100,2500,300,300,0,0,42
颜AS06MARKIV____服_笑顔动_25,服_笑顔动_25.webp,600,2500,300,300,0,0,42
颜AS06MARKIV____服_笑顔动_25,服_笑顔动_25.webp,1100,2500,300,300,0,0,42
颜AS06MARKIV____服_笑顔动_25,服_笑顔动_25.webp,1600,2500,300,300,0,0,42
颜AS06MARKIV____服_笑顔动_25,服_笑顔动_25.webp,2100,2500,300,300,0,0,42
颜AS06MARKIV____服_笑顔动_25,服_笑顔动_25.webp,2600,2500,300,300,0,0,42
颜AS06MARKIV____服_笑顔动_25,服_笑顔动_25.webp,3100,2500,300,300,0,0,42
颜AS06MARKIV____服_笑顔动_25,服_笑顔动_25.webp,3600,2500,300,300,0,0,42
颜AS06MARKIV____服_笑顔动_25,服_笑顔动_25.webp,4100,2500,300,300,0,0,42
颜AS06MARKIV____服_笑顔动_25,服_笑顔动_25.webp,4600,2500,300,300,0,0,42
颜AS06MARKIV____服_笑顔动_25,服_笑顔动_25.webp,5100,2500,300,300,0,0,42
颜AS06MARKIV____服_笑顔动_25,服_笑顔动_25.webp,5600,2500,300,300,0,0,42
颜AS06MARKIV____服_笑顔动_25,服_笑顔动_25.webp,6100,2500,300,300,0,0,42
颜AS06MARKIV____服_笑顔动_25,服_笑顔动_25.webp,6600,2500,300,300,0,0,42
颜AS06MARKIV____服_笑顔动_25,服_笑顔动_25.webp,7100,2500,300,300,0,0,42
颜AS06MARKIV____服_笑顔动_25,服_笑顔动_25.webp,7600,2500,300,300,0,0,42
颜AS06MARKIV____服_笑顔动_25,服_笑顔动_25.webp,100,3000,300,300,0,0,42
颜AS06MARKIV____服_笑顔动_25,服_笑顔动_25.webp,600,3000,300,300,0,0,42
颜AS06MARKIV____服_笑顔动_25,服_笑顔动_25.webp,1100,3000,300,300,0,0,42
颜AS06MARKIV____服_笑顔动_25,服_笑顔动_25.webp,1600,3000,300,300,0,0,42
颜AS06MARKIV____服_笑顔动_25,服_笑顔动_25.webp,2100,3000,300,300,0,0,42
颜AS06MARKIV____服_笑顔动_25,服_笑顔动_25.webp,2600,3000,300,300,0,0,42
颜AS06MARKIV____服_笑顔动_25,服_笑顔动_25.webp,3100,3000,300,300,0,0,42
颜AS06MARKIV____服_笑顔动_25,服_笑顔动_25.webp,3600,3000,300,300,0,0,42
颜AS06MARKIV____服_笑顔动_25,服_笑顔动_25.webp,4100,3000,300,300,0,0,42
颜AS06MARKIV____服_笑顔动_25,服_笑顔动_25.webp,4600,3000,300,300,0,0,42
颜AS06MARKIV____服_笑顔动_25,服_笑顔动_25.webp,5100,3000,300,300,0,0,42
颜AS06MARKIV____服_笑顔动_25,服_笑顔动_25.webp,5600,3000,300,300,0,0,42
颜AS06MARKIV____服_笑顔动_25,服_笑顔动_25.webp,6100,3000,300,300,0,0,42
颜AS06MARKIV____服_笑顔动_25,服_笑顔动_25.webp,6600,3000,300,300,0,0,42
颜AS06MARKIV____服_笑顔动_25,服_笑顔动_25.webp,7100,3000,300,300,0,0,42
颜AS06MARKIV____服_笑顔动_25,服_笑顔动_25.webp,7600,3000,300,300,0,0,42
颜AS06MARKIV____服_笑顔动_25,服_笑顔动_25.webp,100,3500,300,300,0,0,42
颜AS06MARKIV____服_笑顔动_25,服_笑顔动_25.webp,600,3500,300,300,0,0,42
颜AS06MARKIV____服_笑顔动_25,服_笑顔动_25.webp,1100,3500,300,300,0,0,42
颜AS06MARKIV____服_笑顔动_25,服_笑顔动_25.webp,1600,3500,300,300,0,0,42
颜AS06MARKIV____服_笑顔动_25,服_笑顔动_25.webp,2100,3500,300,300,0,0,42
颜AS06MARKIV____服_笑顔动_25,服_笑顔动_25.webp,2600,3500,300,300,0,0,42
颜AS06MARKIV____服_笑顔动_25,服_笑顔动_25.webp,3100,3500,300,300,0,0,42
颜AS06MARKIV____服_笑顔动_25,服_笑顔动_25.webp,3600,3500,300,300,0,0,42
颜AS06MARKIV____服_笑顔动_25,服_笑顔动_25.webp,4100,3500,300,300,0,0,42

AS06MARKIV____服_兔女郎_笑顔动_25,ANIME,500,500
AS06MARKIV____服_兔女郎_笑顔动_25,服_兔女郎_笑顔动_25.webp,0,0,500,500,0,0,42
AS06MARKIV____服_兔女郎_笑顔动_25,服_兔女郎_笑顔动_25.webp,500,0,500,500,0,0,42
AS06MARKIV____服_兔女郎_笑顔动_25,服_兔女郎_笑顔动_25.webp,1000,0,500,500,0,0,42
AS06MARKIV____服_兔女郎_笑顔动_25,服_兔女郎_笑顔动_25.webp,1500,0,500,500,0,0,42
AS06MARKIV____服_兔女郎_笑顔动_25,服_兔女郎_笑顔动_25.webp,2000,0,500,500,0,0,42
AS06MARKIV____服_兔女郎_笑顔动_25,服_兔女郎_笑顔动_25.webp,2500,0,500,500,0,0,42
AS06MARKIV____服_兔女郎_笑顔动_25,服_兔女郎_笑顔动_25.webp,3000,0,500,500,0,0,42
AS06MARKIV____服_兔女郎_笑顔动_25,服_兔女郎_笑顔动_25.webp,3500,0,500,500,0,0,42
AS06MARKIV____服_兔女郎_笑顔动_25,服_兔女郎_笑顔动_25.webp,4000,0,500,500,0,0,42
AS06MARKIV____服_兔女郎_笑顔动_25,服_兔女郎_笑顔动_25.webp,4500,0,500,500,0,0,42
AS06MARKIV____服_兔女郎_笑顔动_25,服_兔女郎_笑顔动_25.webp,5000,0,500,500,0,0,42
AS06MARKIV____服_兔女郎_笑顔动_25,服_兔女郎_笑顔动_25.webp,5500,0,500,500,0,0,42
AS06MARKIV____服_兔女郎_笑顔动_25,服_兔女郎_笑顔动_25.webp,6000,0,500,500,0,0,42
AS06MARKIV____服_兔女郎_笑顔动_25,服_兔女郎_笑顔动_25.webp,6500,0,500,500,0,0,42
AS06MARKIV____服_兔女郎_笑顔动_25,服_兔女郎_笑顔动_25.webp,7000,0,500,500,0,0,42
AS06MARKIV____服_兔女郎_笑顔动_25,服_兔女郎_笑顔动_25.webp,7500,0,500,500,0,0,42
AS06MARKIV____服_兔女郎_笑顔动_25,服_兔女郎_笑顔动_25.webp,0,500,500,500,0,0,42
AS06MARKIV____服_兔女郎_笑顔动_25,服_兔女郎_笑顔动_25.webp,500,500,500,500,0,0,42
AS06MARKIV____服_兔女郎_笑顔动_25,服_兔女郎_笑顔动_25.webp,1000,500,500,500,0,0,42
AS06MARKIV____服_兔女郎_笑顔动_25,服_兔女郎_笑顔动_25.webp,1500,500,500,500,0,0,42
AS06MARKIV____服_兔女郎_笑顔动_25,服_兔女郎_笑顔动_25.webp,2000,500,500,500,0,0,42
AS06MARKIV____服_兔女郎_笑顔动_25,服_兔女郎_笑顔动_25.webp,2500,500,500,500,0,0,42
AS06MARKIV____服_兔女郎_笑顔动_25,服_兔女郎_笑顔动_25.webp,3000,500,500,500,0,0,42
AS06MARKIV____服_兔女郎_笑顔动_25,服_兔女郎_笑顔动_25.webp,3500,500,500,500,0,0,42
AS06MARKIV____服_兔女郎_笑顔动_25,服_兔女郎_笑顔动_25.webp,4000,500,500,500,0,0,42
AS06MARKIV____服_兔女郎_笑顔动_25,服_兔女郎_笑顔动_25.webp,4500,500,500,500,0,0,42
AS06MARKIV____服_兔女郎_笑顔动_25,服_兔女郎_笑顔动_25.webp,5000,500,500,500,0,0,42
AS06MARKIV____服_兔女郎_笑顔动_25,服_兔女郎_笑顔动_25.webp,5500,500,500,500,0,0,42
AS06MARKIV____服_兔女郎_笑顔动_25,服_兔女郎_笑顔动_25.webp,6000,500,500,500,0,0,42
AS06MARKIV____服_兔女郎_笑顔动_25,服_兔女郎_笑顔动_25.webp,6500,500,500,500,0,0,42
AS06MARKIV____服_兔女郎_笑顔动_25,服_兔女郎_笑顔动_25.webp,7000,500,500,500,0,0,42
AS06MARKIV____服_兔女郎_笑顔动_25,服_兔女郎_笑顔动_25.webp,7500,500,500,500,0,0,42
AS06MARKIV____服_兔女郎_笑顔动_25,服_兔女郎_笑顔动_25.webp,0,1000,500,500,0,0,42
AS06MARKIV____服_兔女郎_笑顔动_25,服_兔女郎_笑顔动_25.webp,500,1000,500,500,0,0,42
AS06MARKIV____服_兔女郎_笑顔动_25,服_兔女郎_笑顔动_25.webp,1000,1000,500,500,0,0,42
AS06MARKIV____服_兔女郎_笑顔动_25,服_兔女郎_笑顔动_25.webp,1500,1000,500,500,0,0,42
AS06MARKIV____服_兔女郎_笑顔动_25,服_兔女郎_笑顔动_25.webp,2000,1000,500,500,0,0,42
AS06MARKIV____服_兔女郎_笑顔动_25,服_兔女郎_笑顔动_25.webp,2500,1000,500,500,0,0,42
AS06MARKIV____服_兔女郎_笑顔动_25,服_兔女郎_笑顔动_25.webp,3000,1000,500,500,0,0,42
AS06MARKIV____服_兔女郎_笑顔动_25,服_兔女郎_笑顔动_25.webp,3500,1000,500,500,0,0,42
AS06MARKIV____服_兔女郎_笑顔动_25,服_兔女郎_笑顔动_25.webp,4000,1000,500,500,0,0,42
AS06MARKIV____服_兔女郎_笑顔动_25,服_兔女郎_笑顔动_25.webp,4500,1000,500,500,0,0,42
AS06MARKIV____服_兔女郎_笑顔动_25,服_兔女郎_笑顔动_25.webp,5000,1000,500,500,0,0,42
AS06MARKIV____服_兔女郎_笑顔动_25,服_兔女郎_笑顔动_25.webp,5500,1000,500,500,0,0,42
AS06MARKIV____服_兔女郎_笑顔动_25,服_兔女郎_笑顔动_25.webp,6000,1000,500,500,0,0,42
AS06MARKIV____服_兔女郎_笑顔动_25,服_兔女郎_笑顔动_25.webp,6500,1000,500,500,0,0,42
AS06MARKIV____服_兔女郎_笑顔动_25,服_兔女郎_笑顔动_25.webp,7000,1000,500,500,0,0,42
AS06MARKIV____服_兔女郎_笑顔动_25,服_兔女郎_笑顔动_25.webp,7500,1000,500,500,0,0,42
AS06MARKIV____服_兔女郎_笑顔动_25,服_兔女郎_笑顔动_25.webp,0,1500,500,500,0,0,42
AS06MARKIV____服_兔女郎_笑顔动_25,服_兔女郎_笑顔动_25.webp,500,1500,500,500,0,0,42
AS06MARKIV____服_兔女郎_笑顔动_25,服_兔女郎_笑顔动_25.webp,1000,1500,500,500,0,0,42
AS06MARKIV____服_兔女郎_笑顔动_25,服_兔女郎_笑顔动_25.webp,1500,1500,500,500,0,0,42
AS06MARKIV____服_兔女郎_笑顔动_25,服_兔女郎_笑顔动_25.webp,2000,1500,500,500,0,0,42
AS06MARKIV____服_兔女郎_笑顔动_25,服_兔女郎_笑顔动_25.webp,2500,1500,500,500,0,0,42
AS06MARKIV____服_兔女郎_笑顔动_25,服_兔女郎_笑顔动_25.webp,3000,1500,500,500,0,0,42
AS06MARKIV____服_兔女郎_笑顔动_25,服_兔女郎_笑顔动_25.webp,3500,1500,500,500,0,0,42
AS06MARKIV____服_兔女郎_笑顔动_25,服_兔女郎_笑顔动_25.webp,4000,1500,500,500,0,0,42
AS06MARKIV____服_兔女郎_笑顔动_25,服_兔女郎_笑顔动_25.webp,4500,1500,500,500,0,0,42
AS06MARKIV____服_兔女郎_笑顔动_25,服_兔女郎_笑顔动_25.webp,5000,1500,500,500,0,0,42
AS06MARKIV____服_兔女郎_笑顔动_25,服_兔女郎_笑顔动_25.webp,5500,1500,500,500,0,0,42
AS06MARKIV____服_兔女郎_笑顔动_25,服_兔女郎_笑顔动_25.webp,6000,1500,500,500,0,0,42
AS06MARKIV____服_兔女郎_笑顔动_25,服_兔女郎_笑顔动_25.webp,6500,1500,500,500,0,0,42
AS06MARKIV____服_兔女郎_笑顔动_25,服_兔女郎_笑顔动_25.webp,7000,1500,500,500,0,0,42
AS06MARKIV____服_兔女郎_笑顔动_25,服_兔女郎_笑顔动_25.webp,7500,1500,500,500,0,0,42
AS06MARKIV____服_兔女郎_笑顔动_25,服_兔女郎_笑顔动_25.webp,0,2000,500,500,0,0,42
AS06MARKIV____服_兔女郎_笑顔动_25,服_兔女郎_笑顔动_25.webp,500,2000,500,500,0,0,42
AS06MARKIV____服_兔女郎_笑顔动_25,服_兔女郎_笑顔动_25.webp,1000,2000,500,500,0,0,42
AS06MARKIV____服_兔女郎_笑顔动_25,服_兔女郎_笑顔动_25.webp,1500,2000,500,500,0,0,42
AS06MARKIV____服_兔女郎_笑顔动_25,服_兔女郎_笑顔动_25.webp,2000,2000,500,500,0,0,42
AS06MARKIV____服_兔女郎_笑顔动_25,服_兔女郎_笑顔动_25.webp,2500,2000,500,500,0,0,42
AS06MARKIV____服_兔女郎_笑顔动_25,服_兔女郎_笑顔动_25.webp,3000,2000,500,500,0,0,42
AS06MARKIV____服_兔女郎_笑顔动_25,服_兔女郎_笑顔动_25.webp,3500,2000,500,500,0,0,42
AS06MARKIV____服_兔女郎_笑顔动_25,服_兔女郎_笑顔动_25.webp,4000,2000,500,500,0,0,42
AS06MARKIV____服_兔女郎_笑顔动_25,服_兔女郎_笑顔动_25.webp,4500,2000,500,500,0,0,42
AS06MARKIV____服_兔女郎_笑顔动_25,服_兔女郎_笑顔动_25.webp,5000,2000,500,500,0,0,42
AS06MARKIV____服_兔女郎_笑顔动_25,服_兔女郎_笑顔动_25.webp,5500,2000,500,500,0,0,42
AS06MARKIV____服_兔女郎_笑顔动_25,服_兔女郎_笑顔动_25.webp,6000,2000,500,500,0,0,42
AS06MARKIV____服_兔女郎_笑顔动_25,服_兔女郎_笑顔动_25.webp,6500,2000,500,500,0,0,42
AS06MARKIV____服_兔女郎_笑顔动_25,服_兔女郎_笑顔动_25.webp,7000,2000,500,500,0,0,42
AS06MARKIV____服_兔女郎_笑顔动_25,服_兔女郎_笑顔动_25.webp,7500,2000,500,500,0,0,42
AS06MARKIV____服_兔女郎_笑顔动_25,服_兔女郎_笑顔动_25.webp,0,2500,500,500,0,0,42

颜AS06MARKIV____服_兔女郎_笑顔动_25,ANIME,300,300
颜AS06MARKIV____服_兔女郎_笑顔动_25,服_兔女郎_笑顔动_25.webp,100,0,300,300,0,0,42
颜AS06MARKIV____服_兔女郎_笑顔动_25,服_兔女郎_笑顔动_25.webp,600,0,300,300,0,0,42
颜AS06MARKIV____服_兔女郎_笑顔动_25,服_兔女郎_笑顔动_25.webp,1100,0,300,300,0,0,42
颜AS06MARKIV____服_兔女郎_笑顔动_25,服_兔女郎_笑顔动_25.webp,1600,0,300,300,0,0,42
颜AS06MARKIV____服_兔女郎_笑顔动_25,服_兔女郎_笑顔动_25.webp,2100,0,300,300,0,0,42
颜AS06MARKIV____服_兔女郎_笑顔动_25,服_兔女郎_笑顔动_25.webp,2600,0,300,300,0,0,42
颜AS06MARKIV____服_兔女郎_笑顔动_25,服_兔女郎_笑顔动_25.webp,3100,0,300,300,0,0,42
颜AS06MARKIV____服_兔女郎_笑顔动_25,服_兔女郎_笑顔动_25.webp,3600,0,300,300,0,0,42
颜AS06MARKIV____服_兔女郎_笑顔动_25,服_兔女郎_笑顔动_25.webp,4100,0,300,300,0,0,42
颜AS06MARKIV____服_兔女郎_笑顔动_25,服_兔女郎_笑顔动_25.webp,4600,0,300,300,0,0,42
颜AS06MARKIV____服_兔女郎_笑顔动_25,服_兔女郎_笑顔动_25.webp,5100,0,300,300,0,0,42
颜AS06MARKIV____服_兔女郎_笑顔动_25,服_兔女郎_笑顔动_25.webp,5600,0,300,300,0,0,42
颜AS06MARKIV____服_兔女郎_笑顔动_25,服_兔女郎_笑顔动_25.webp,6100,0,300,300,0,0,42
颜AS06MARKIV____服_兔女郎_笑顔动_25,服_兔女郎_笑顔动_25.webp,6600,0,300,300,0,0,42
颜AS06MARKIV____服_兔女郎_笑顔动_25,服_兔女郎_笑顔动_25.webp,7100,0,300,300,0,0,42
颜AS06MARKIV____服_兔女郎_笑顔动_25,服_兔女郎_笑顔动_25.webp,7600,0,300,300,0,0,42
颜AS06MARKIV____服_兔女郎_笑顔动_25,服_兔女郎_笑顔动_25.webp,100,500,300,300,0,0,42
颜AS06MARKIV____服_兔女郎_笑顔动_25,服_兔女郎_笑顔动_25.webp,600,500,300,300,0,0,42
颜AS06MARKIV____服_兔女郎_笑顔动_25,服_兔女郎_笑顔动_25.webp,1100,500,300,300,0,0,42
颜AS06MARKIV____服_兔女郎_笑顔动_25,服_兔女郎_笑顔动_25.webp,1600,500,300,300,0,0,42
颜AS06MARKIV____服_兔女郎_笑顔动_25,服_兔女郎_笑顔动_25.webp,2100,500,300,300,0,0,42
颜AS06MARKIV____服_兔女郎_笑顔动_25,服_兔女郎_笑顔动_25.webp,2600,500,300,300,0,0,42
颜AS06MARKIV____服_兔女郎_笑顔动_25,服_兔女郎_笑顔动_25.webp,3100,500,300,300,0,0,42
颜AS06MARKIV____服_兔女郎_笑顔动_25,服_兔女郎_笑顔动_25.webp,3600,500,300,300,0,0,42
颜AS06MARKIV____服_兔女郎_笑顔动_25,服_兔女郎_笑顔动_25.webp,4100,500,300,300,0,0,42
颜AS06MARKIV____服_兔女郎_笑顔动_25,服_兔女郎_笑顔动_25.webp,4600,500,300,300,0,0,42
颜AS06MARKIV____服_兔女郎_笑顔动_25,服_兔女郎_笑顔动_25.webp,5100,500,300,300,0,0,42
颜AS06MARKIV____服_兔女郎_笑顔动_25,服_兔女郎_笑顔动_25.webp,5600,500,300,300,0,0,42
颜AS06MARKIV____服_兔女郎_笑顔动_25,服_兔女郎_笑顔动_25.webp,6100,500,300,300,0,0,42
颜AS06MARKIV____服_兔女郎_笑顔动_25,服_兔女郎_笑顔动_25.webp,6600,500,300,300,0,0,42
颜AS06MARKIV____服_兔女郎_笑顔动_25,服_兔女郎_笑顔动_25.webp,7100,500,300,300,0,0,42
颜AS06MARKIV____服_兔女郎_笑顔动_25,服_兔女郎_笑顔动_25.webp,7600,500,300,300,0,0,42
颜AS06MARKIV____服_兔女郎_笑顔动_25,服_兔女郎_笑顔动_25.webp,100,1000,300,300,0,0,42
颜AS06MARKIV____服_兔女郎_笑顔动_25,服_兔女郎_笑顔动_25.webp,600,1000,300,300,0,0,42
颜AS06MARKIV____服_兔女郎_笑顔动_25,服_兔女郎_笑顔动_25.webp,1100,1000,300,300,0,0,42
颜AS06MARKIV____服_兔女郎_笑顔动_25,服_兔女郎_笑顔动_25.webp,1600,1000,300,300,0,0,42
颜AS06MARKIV____服_兔女郎_笑顔动_25,服_兔女郎_笑顔动_25.webp,2100,1000,300,300,0,0,42
颜AS06MARKIV____服_兔女郎_笑顔动_25,服_兔女郎_笑顔动_25.webp,2600,1000,300,300,0,0,42
颜AS06MARKIV____服_兔女郎_笑顔动_25,服_兔女郎_笑顔动_25.webp,3100,1000,300,300,0,0,42
颜AS06MARKIV____服_兔女郎_笑顔动_25,服_兔女郎_笑顔动_25.webp,3600,1000,300,300,0,0,42
颜AS06MARKIV____服_兔女郎_笑顔动_25,服_兔女郎_笑顔动_25.webp,4100,1000,300,300,0,0,42
颜AS06MARKIV____服_兔女郎_笑顔动_25,服_兔女郎_笑顔动_25.webp,4600,1000,300,300,0,0,42
颜AS06MARKIV____服_兔女郎_笑顔动_25,服_兔女郎_笑顔动_25.webp,5100,1000,300,300,0,0,42
颜AS06MARKIV____服_兔女郎_笑顔动_25,服_兔女郎_笑顔动_25.webp,5600,1000,300,300,0,0,42
颜AS06MARKIV____服_兔女郎_笑顔动_25,服_兔女郎_笑顔动_25.webp,6100,1000,300,300,0,0,42
颜AS06MARKIV____服_兔女郎_笑顔动_25,服_兔女郎_笑顔动_25.webp,6600,1000,300,300,0,0,42
颜AS06MARKIV____服_兔女郎_笑顔动_25,服_兔女郎_笑顔动_25.webp,7100,1000,300,300,0,0,42
颜AS06MARKIV____服_兔女郎_笑顔动_25,服_兔女郎_笑顔动_25.webp,7600,1000,300,300,0,0,42
颜AS06MARKIV____服_兔女郎_笑顔动_25,服_兔女郎_笑顔动_25.webp,100,1500,300,300,0,0,42
颜AS06MARKIV____服_兔女郎_笑顔动_25,服_兔女郎_笑顔动_25.webp,600,1500,300,300,0,0,42
颜AS06MARKIV____服_兔女郎_笑顔动_25,服_兔女郎_笑顔动_25.webp,1100,1500,300,300,0,0,42
颜AS06MARKIV____服_兔女郎_笑顔动_25,服_兔女郎_笑顔动_25.webp,1600,1500,300,300,0,0,42
颜AS06MARKIV____服_兔女郎_笑顔动_25,服_兔女郎_笑顔动_25.webp,2100,1500,300,300,0,0,42
颜AS06MARKIV____服_兔女郎_笑顔动_25,服_兔女郎_笑顔动_25.webp,2600,1500,300,300,0,0,42
颜AS06MARKIV____服_兔女郎_笑顔动_25,服_兔女郎_笑顔动_25.webp,3100,1500,300,300,0,0,42
颜AS06MARKIV____服_兔女郎_笑顔动_25,服_兔女郎_笑顔动_25.webp,3600,1500,300,300,0,0,42
颜AS06MARKIV____服_兔女郎_笑顔动_25,服_兔女郎_笑顔动_25.webp,4100,1500,300,300,0,0,42
颜AS06MARKIV____服_兔女郎_笑顔动_25,服_兔女郎_笑顔动_25.webp,4600,1500,300,300,0,0,42
颜AS06MARKIV____服_兔女郎_笑顔动_25,服_兔女郎_笑顔动_25.webp,5100,1500,300,300,0,0,42
颜AS06MARKIV____服_兔女郎_笑顔动_25,服_兔女郎_笑顔动_25.webp,5600,1500,300,300,0,0,42
颜AS06MARKIV____服_兔女郎_笑顔动_25,服_兔女郎_笑顔动_25.webp,6100,1500,300,300,0,0,42
颜AS06MARKIV____服_兔女郎_笑顔动_25,服_兔女郎_笑顔动_25.webp,6600,1500,300,300,0,0,42
颜AS06MARKIV____服_兔女郎_笑顔动_25,服_兔女郎_笑顔动_25.webp,7100,1500,300,300,0,0,42
颜AS06MARKIV____服_兔女郎_笑顔动_25,服_兔女郎_笑顔动_25.webp,7600,1500,300,300,0,0,42
颜AS06MARKIV____服_兔女郎_笑顔动_25,服_兔女郎_笑顔动_25.webp,100,2000,300,300,0,0,42
颜AS06MARKIV____服_兔女郎_笑顔动_25,服_兔女郎_笑顔动_25.webp,600,2000,300,300,0,0,42
颜AS06MARKIV____服_兔女郎_笑顔动_25,服_兔女郎_笑顔动_25.webp,1100,2000,300,300,0,0,42
颜AS06MARKIV____服_兔女郎_笑顔动_25,服_兔女郎_笑顔动_25.webp,1600,2000,300,300,0,0,42
颜AS06MARKIV____服_兔女郎_笑顔动_25,服_兔女郎_笑顔动_25.webp,2100,2000,300,300,0,0,42
颜AS06MARKIV____服_兔女郎_笑顔动_25,服_兔女郎_笑顔动_25.webp,2600,2000,300,300,0,0,42
颜AS06MARKIV____服_兔女郎_笑顔动_25,服_兔女郎_笑顔动_25.webp,3100,2000,300,300,0,0,42
颜AS06MARKIV____服_兔女郎_笑顔动_25,服_兔女郎_笑顔动_25.webp,3600,2000,300,300,0,0,42
颜AS06MARKIV____服_兔女郎_笑顔动_25,服_兔女郎_笑顔动_25.webp,4100,2000,300,300,0,0,42
颜AS06MARKIV____服_兔女郎_笑顔动_25,服_兔女郎_笑顔动_25.webp,4600,2000,300,300,0,0,42
颜AS06MARKIV____服_兔女郎_笑顔动_25,服_兔女郎_笑顔动_25.webp,5100,2000,300,300,0,0,42
颜AS06MARKIV____服_兔女郎_笑顔动_25,服_兔女郎_笑顔动_25.webp,5600,2000,300,300,0,0,42
颜AS06MARKIV____服_兔女郎_笑顔动_25,服_兔女郎_笑顔动_25.webp,6100,2000,300,300,0,0,42
颜AS06MARKIV____服_兔女郎_笑顔动_25,服_兔女郎_笑顔动_25.webp,6600,2000,300,300,0,0,42
颜AS06MARKIV____服_兔女郎_笑顔动_25,服_兔女郎_笑顔动_25.webp,7100,2000,300,300,0,0,42
颜AS06MARKIV____服_兔女郎_笑顔动_25,服_兔女郎_笑顔动_25.webp,7600,2000,300,300,0,0,42
颜AS06MARKIV____服_兔女郎_笑顔动_25,服_兔女郎_笑顔动_25.webp,100,2500,300,300,0,0,42

AS06MARKIV____服_睡衣_笑顔动_25,ANIME,500,500
AS06MARKIV____服_睡衣_笑顔动_25,服_睡衣_笑顔动_25.webp,0,0,500,500,0,0,42
AS06MARKIV____服_睡衣_笑顔动_25,服_睡衣_笑顔动_25.webp,500,0,500,500,0,0,42
AS06MARKIV____服_睡衣_笑顔动_25,服_睡衣_笑顔动_25.webp,1000,0,500,500,0,0,42
AS06MARKIV____服_睡衣_笑顔动_25,服_睡衣_笑顔动_25.webp,1500,0,500,500,0,0,42
AS06MARKIV____服_睡衣_笑顔动_25,服_睡衣_笑顔动_25.webp,2000,0,500,500,0,0,42
AS06MARKIV____服_睡衣_笑顔动_25,服_睡衣_笑顔动_25.webp,2500,0,500,500,0,0,42
AS06MARKIV____服_睡衣_笑顔动_25,服_睡衣_笑顔动_25.webp,3000,0,500,500,0,0,42
AS06MARKIV____服_睡衣_笑顔动_25,服_睡衣_笑顔动_25.webp,3500,0,500,500,0,0,42
AS06MARKIV____服_睡衣_笑顔动_25,服_睡衣_笑顔动_25.webp,4000,0,500,500,0,0,42
AS06MARKIV____服_睡衣_笑顔动_25,服_睡衣_笑顔动_25.webp,4500,0,500,500,0,0,42
AS06MARKIV____服_睡衣_笑顔动_25,服_睡衣_笑顔动_25.webp,5000,0,500,500,0,0,42
AS06MARKIV____服_睡衣_笑顔动_25,服_睡衣_笑顔动_25.webp,5500,0,500,500,0,0,42
AS06MARKIV____服_睡衣_笑顔动_25,服_睡衣_笑顔动_25.webp,6000,0,500,500,0,0,42
AS06MARKIV____服_睡衣_笑顔动_25,服_睡衣_笑顔动_25.webp,6500,0,500,500,0,0,42
AS06MARKIV____服_睡衣_笑顔动_25,服_睡衣_笑顔动_25.webp,7000,0,500,500,0,0,42
AS06MARKIV____服_睡衣_笑顔动_25,服_睡衣_笑顔动_25.webp,7500,0,500,500,0,0,42
AS06MARKIV____服_睡衣_笑顔动_25,服_睡衣_笑顔动_25.webp,0,500,500,500,0,0,42
AS06MARKIV____服_睡衣_笑顔动_25,服_睡衣_笑顔动_25.webp,500,500,500,500,0,0,42
AS06MARKIV____服_睡衣_笑顔动_25,服_睡衣_笑顔动_25.webp,1000,500,500,500,0,0,42
AS06MARKIV____服_睡衣_笑顔动_25,服_睡衣_笑顔动_25.webp,1500,500,500,500,0,0,42
AS06MARKIV____服_睡衣_笑顔动_25,服_睡衣_笑顔动_25.webp,2000,500,500,500,0,0,42
AS06MARKIV____服_睡衣_笑顔动_25,服_睡衣_笑顔动_25.webp,2500,500,500,500,0,0,42
AS06MARKIV____服_睡衣_笑顔动_25,服_睡衣_笑顔动_25.webp,3000,500,500,500,0,0,42
AS06MARKIV____服_睡衣_笑顔动_25,服_睡衣_笑顔动_25.webp,3500,500,500,500,0,0,42
AS06MARKIV____服_睡衣_笑顔动_25,服_睡衣_笑顔动_25.webp,4000,500,500,500,0,0,42
AS06MARKIV____服_睡衣_笑顔动_25,服_睡衣_笑顔动_25.webp,4500,500,500,500,0,0,42
AS06MARKIV____服_睡衣_笑顔动_25,服_睡衣_笑顔动_25.webp,5000,500,500,500,0,0,42
AS06MARKIV____服_睡衣_笑顔动_25,服_睡衣_笑顔动_25.webp,5500,500,500,500,0,0,42
AS06MARKIV____服_睡衣_笑顔动_25,服_睡衣_笑顔动_25.webp,6000,500,500,500,0,0,42
AS06MARKIV____服_睡衣_笑顔动_25,服_睡衣_笑顔动_25.webp,6500,500,500,500,0,0,42
AS06MARKIV____服_睡衣_笑顔动_25,服_睡衣_笑顔动_25.webp,7000,500,500,500,0,0,42
AS06MARKIV____服_睡衣_笑顔动_25,服_睡衣_笑顔动_25.webp,7500,500,500,500,0,0,42
AS06MARKIV____服_睡衣_笑顔动_25,服_睡衣_笑顔动_25.webp,0,1000,500,500,0,0,42
AS06MARKIV____服_睡衣_笑顔动_25,服_睡衣_笑顔动_25.webp,500,1000,500,500,0,0,42
AS06MARKIV____服_睡衣_笑顔动_25,服_睡衣_笑顔动_25.webp,1000,1000,500,500,0,0,42
AS06MARKIV____服_睡衣_笑顔动_25,服_睡衣_笑顔动_25.webp,1500,1000,500,500,0,0,42
AS06MARKIV____服_睡衣_笑顔动_25,服_睡衣_笑顔动_25.webp,2000,1000,500,500,0,0,42
AS06MARKIV____服_睡衣_笑顔动_25,服_睡衣_笑顔动_25.webp,2500,1000,500,500,0,0,42
AS06MARKIV____服_睡衣_笑顔动_25,服_睡衣_笑顔动_25.webp,3000,1000,500,500,0,0,42
AS06MARKIV____服_睡衣_笑顔动_25,服_睡衣_笑顔动_25.webp,3500,1000,500,500,0,0,42
AS06MARKIV____服_睡衣_笑顔动_25,服_睡衣_笑顔动_25.webp,4000,1000,500,500,0,0,42
AS06MARKIV____服_睡衣_笑顔动_25,服_睡衣_笑顔动_25.webp,4500,1000,500,500,0,0,42
AS06MARKIV____服_睡衣_笑顔动_25,服_睡衣_笑顔动_25.webp,5000,1000,500,500,0,0,42
AS06MARKIV____服_睡衣_笑顔动_25,服_睡衣_笑顔动_25.webp,5500,1000,500,500,0,0,42
AS06MARKIV____服_睡衣_笑顔动_25,服_睡衣_笑顔动_25.webp,6000,1000,500,500,0,0,42
AS06MARKIV____服_睡衣_笑顔动_25,服_睡衣_笑顔动_25.webp,6500,1000,500,500,0,0,42
AS06MARKIV____服_睡衣_笑顔动_25,服_睡衣_笑顔动_25.webp,7000,1000,500,500,0,0,42
AS06MARKIV____服_睡衣_笑顔动_25,服_睡衣_笑顔动_25.webp,7500,1000,500,500,0,0,42
AS06MARKIV____服_睡衣_笑顔动_25,服_睡衣_笑顔动_25.webp,0,1500,500,500,0,0,42
AS06MARKIV____服_睡衣_笑顔动_25,服_睡衣_笑顔动_25.webp,500,1500,500,500,0,0,42
AS06MARKIV____服_睡衣_笑顔动_25,服_睡衣_笑顔动_25.webp,1000,1500,500,500,0,0,42
AS06MARKIV____服_睡衣_笑顔动_25,服_睡衣_笑顔动_25.webp,1500,1500,500,500,0,0,42
AS06MARKIV____服_睡衣_笑顔动_25,服_睡衣_笑顔动_25.webp,2000,1500,500,500,0,0,42
AS06MARKIV____服_睡衣_笑顔动_25,服_睡衣_笑顔动_25.webp,2500,1500,500,500,0,0,42
AS06MARKIV____服_睡衣_笑顔动_25,服_睡衣_笑顔动_25.webp,3000,1500,500,500,0,0,42
AS06MARKIV____服_睡衣_笑顔动_25,服_睡衣_笑顔动_25.webp,3500,1500,500,500,0,0,42
AS06MARKIV____服_睡衣_笑顔动_25,服_睡衣_笑顔动_25.webp,4000,1500,500,500,0,0,42
AS06MARKIV____服_睡衣_笑顔动_25,服_睡衣_笑顔动_25.webp,4500,1500,500,500,0,0,42
AS06MARKIV____服_睡衣_笑顔动_25,服_睡衣_笑顔动_25.webp,5000,1500,500,500,0,0,42
AS06MARKIV____服_睡衣_笑顔动_25,服_睡衣_笑顔动_25.webp,5500,1500,500,500,0,0,42
AS06MARKIV____服_睡衣_笑顔动_25,服_睡衣_笑顔动_25.webp,6000,1500,500,500,0,0,42
AS06MARKIV____服_睡衣_笑顔动_25,服_睡衣_笑顔动_25.webp,6500,1500,500,500,0,0,42
AS06MARKIV____服_睡衣_笑顔动_25,服_睡衣_笑顔动_25.webp,7000,1500,500,500,0,0,42
AS06MARKIV____服_睡衣_笑顔动_25,服_睡衣_笑顔动_25.webp,7500,1500,500,500,0,0,42
AS06MARKIV____服_睡衣_笑顔动_25,服_睡衣_笑顔动_25.webp,0,2000,500,500,0,0,42
AS06MARKIV____服_睡衣_笑顔动_25,服_睡衣_笑顔动_25.webp,500,2000,500,500,0,0,42
AS06MARKIV____服_睡衣_笑顔动_25,服_睡衣_笑顔动_25.webp,1000,2000,500,500,0,0,42
AS06MARKIV____服_睡衣_笑顔动_25,服_睡衣_笑顔动_25.webp,1500,2000,500,500,0,0,42
AS06MARKIV____服_睡衣_笑顔动_25,服_睡衣_笑顔动_25.webp,2000,2000,500,500,0,0,42
AS06MARKIV____服_睡衣_笑顔动_25,服_睡衣_笑顔动_25.webp,2500,2000,500,500,0,0,42
AS06MARKIV____服_睡衣_笑顔动_25,服_睡衣_笑顔动_25.webp,3000,2000,500,500,0,0,42
AS06MARKIV____服_睡衣_笑顔动_25,服_睡衣_笑顔动_25.webp,3500,2000,500,500,0,0,42
AS06MARKIV____服_睡衣_笑顔动_25,服_睡衣_笑顔动_25.webp,4000,2000,500,500,0,0,42
AS06MARKIV____服_睡衣_笑顔动_25,服_睡衣_笑顔动_25.webp,4500,2000,500,500,0,0,42
AS06MARKIV____服_睡衣_笑顔动_25,服_睡衣_笑顔动_25.webp,5000,2000,500,500,0,0,42
AS06MARKIV____服_睡衣_笑顔动_25,服_睡衣_笑顔动_25.webp,5500,2000,500,500,0,0,42
AS06MARKIV____服_睡衣_笑顔动_25,服_睡衣_笑顔动_25.webp,6000,2000,500,500,0,0,42
AS06MARKIV____服_睡衣_笑顔动_25,服_睡衣_笑顔动_25.webp,6500,2000,500,500,0,0,42
AS06MARKIV____服_睡衣_笑顔动_25,服_睡衣_笑顔动_25.webp,7000,2000,500,500,0,0,42
AS06MARKIV____服_睡衣_笑顔动_25,服_睡衣_笑顔动_25.webp,7500,2000,500,500,0,0,42
AS06MARKIV____服_睡衣_笑顔动_25,服_睡衣_笑顔动_25.webp,0,2500,500,500,0,0,42
AS06MARKIV____服_睡衣_笑顔动_25,服_睡衣_笑顔动_25.webp,500,2500,500,500,0,0,42
AS06MARKIV____服_睡衣_笑顔动_25,服_睡衣_笑顔动_25.webp,1000,2500,500,500,0,0,42
AS06MARKIV____服_睡衣_笑顔动_25,服_睡衣_笑顔动_25.webp,1500,2500,500,500,0,0,42

颜AS06MARKIV____服_睡衣_笑顔动_25,ANIME,300,300
颜AS06MARKIV____服_睡衣_笑顔动_25,服_睡衣_笑顔动_25.webp,100,0,300,300,0,0,42
颜AS06MARKIV____服_睡衣_笑顔动_25,服_睡衣_笑顔动_25.webp,600,0,300,300,0,0,42
颜AS06MARKIV____服_睡衣_笑顔动_25,服_睡衣_笑顔动_25.webp,1100,0,300,300,0,0,42
颜AS06MARKIV____服_睡衣_笑顔动_25,服_睡衣_笑顔动_25.webp,1600,0,300,300,0,0,42
颜AS06MARKIV____服_睡衣_笑顔动_25,服_睡衣_笑顔动_25.webp,2100,0,300,300,0,0,42
颜AS06MARKIV____服_睡衣_笑顔动_25,服_睡衣_笑顔动_25.webp,2600,0,300,300,0,0,42
颜AS06MARKIV____服_睡衣_笑顔动_25,服_睡衣_笑顔动_25.webp,3100,0,300,300,0,0,42
颜AS06MARKIV____服_睡衣_笑顔动_25,服_睡衣_笑顔动_25.webp,3600,0,300,300,0,0,42
颜AS06MARKIV____服_睡衣_笑顔动_25,服_睡衣_笑顔动_25.webp,4100,0,300,300,0,0,42
颜AS06MARKIV____服_睡衣_笑顔动_25,服_睡衣_笑顔动_25.webp,4600,0,300,300,0,0,42
颜AS06MARKIV____服_睡衣_笑顔动_25,服_睡衣_笑顔动_25.webp,5100,0,300,300,0,0,42
颜AS06MARKIV____服_睡衣_笑顔动_25,服_睡衣_笑顔动_25.webp,5600,0,300,300,0,0,42
颜AS06MARKIV____服_睡衣_笑顔动_25,服_睡衣_笑顔动_25.webp,6100,0,300,300,0,0,42
颜AS06MARKIV____服_睡衣_笑顔动_25,服_睡衣_笑顔动_25.webp,6600,0,300,300,0,0,42
颜AS06MARKIV____服_睡衣_笑顔动_25,服_睡衣_笑顔动_25.webp,7100,0,300,300,0,0,42
颜AS06MARKIV____服_睡衣_笑顔动_25,服_睡衣_笑顔动_25.webp,7600,0,300,300,0,0,42
颜AS06MARKIV____服_睡衣_笑顔动_25,服_睡衣_笑顔动_25.webp,100,500,300,300,0,0,42
颜AS06MARKIV____服_睡衣_笑顔动_25,服_睡衣_笑顔动_25.webp,600,500,300,300,0,0,42
颜AS06MARKIV____服_睡衣_笑顔动_25,服_睡衣_笑顔动_25.webp,1100,500,300,300,0,0,42
颜AS06MARKIV____服_睡衣_笑顔动_25,服_睡衣_笑顔动_25.webp,1600,500,300,300,0,0,42
颜AS06MARKIV____服_睡衣_笑顔动_25,服_睡衣_笑顔动_25.webp,2100,500,300,300,0,0,42
颜AS06MARKIV____服_睡衣_笑顔动_25,服_睡衣_笑顔动_25.webp,2600,500,300,300,0,0,42
颜AS06MARKIV____服_睡衣_笑顔动_25,服_睡衣_笑顔动_25.webp,3100,500,300,300,0,0,42
颜AS06MARKIV____服_睡衣_笑顔动_25,服_睡衣_笑顔动_25.webp,3600,500,300,300,0,0,42
颜AS06MARKIV____服_睡衣_笑顔动_25,服_睡衣_笑顔动_25.webp,4100,500,300,300,0,0,42
颜AS06MARKIV____服_睡衣_笑顔动_25,服_睡衣_笑顔动_25.webp,4600,500,300,300,0,0,42
颜AS06MARKIV____服_睡衣_笑顔动_25,服_睡衣_笑顔动_25.webp,5100,500,300,300,0,0,42
颜AS06MARKIV____服_睡衣_笑顔动_25,服_睡衣_笑顔动_25.webp,5600,500,300,300,0,0,42
颜AS06MARKIV____服_睡衣_笑顔动_25,服_睡衣_笑顔动_25.webp,6100,500,300,300,0,0,42
颜AS06MARKIV____服_睡衣_笑顔动_25,服_睡衣_笑顔动_25.webp,6600,500,300,300,0,0,42
颜AS06MARKIV____服_睡衣_笑顔动_25,服_睡衣_笑顔动_25.webp,7100,500,300,300,0,0,42
颜AS06MARKIV____服_睡衣_笑顔动_25,服_睡衣_笑顔动_25.webp,7600,500,300,300,0,0,42
颜AS06MARKIV____服_睡衣_笑顔动_25,服_睡衣_笑顔动_25.webp,100,1000,300,300,0,0,42
颜AS06MARKIV____服_睡衣_笑顔动_25,服_睡衣_笑顔动_25.webp,600,1000,300,300,0,0,42
颜AS06MARKIV____服_睡衣_笑顔动_25,服_睡衣_笑顔动_25.webp,1100,1000,300,300,0,0,42
颜AS06MARKIV____服_睡衣_笑顔动_25,服_睡衣_笑顔动_25.webp,1600,1000,300,300,0,0,42
颜AS06MARKIV____服_睡衣_笑顔动_25,服_睡衣_笑顔动_25.webp,2100,1000,300,300,0,0,42
颜AS06MARKIV____服_睡衣_笑顔动_25,服_睡衣_笑顔动_25.webp,2600,1000,300,300,0,0,42
颜AS06MARKIV____服_睡衣_笑顔动_25,服_睡衣_笑顔动_25.webp,3100,1000,300,300,0,0,42
颜AS06MARKIV____服_睡衣_笑顔动_25,服_睡衣_笑顔动_25.webp,3600,1000,300,300,0,0,42
颜AS06MARKIV____服_睡衣_笑顔动_25,服_睡衣_笑顔动_25.webp,4100,1000,300,300,0,0,42
颜AS06MARKIV____服_睡衣_笑顔动_25,服_睡衣_笑顔动_25.webp,4600,1000,300,300,0,0,42
颜AS06MARKIV____服_睡衣_笑顔动_25,服_睡衣_笑顔动_25.webp,5100,1000,300,300,0,0,42
颜AS06MARKIV____服_睡衣_笑顔动_25,服_睡衣_笑顔动_25.webp,5600,1000,300,300,0,0,42
颜AS06MARKIV____服_睡衣_笑顔动_25,服_睡衣_笑顔动_25.webp,6100,1000,300,300,0,0,42
颜AS06MARKIV____服_睡衣_笑顔动_25,服_睡衣_笑顔动_25.webp,6600,1000,300,300,0,0,42
颜AS06MARKIV____服_睡衣_笑顔动_25,服_睡衣_笑顔动_25.webp,7100,1000,300,300,0,0,42
颜AS06MARKIV____服_睡衣_笑顔动_25,服_睡衣_笑顔动_25.webp,7600,1000,300,300,0,0,42
颜AS06MARKIV____服_睡衣_笑顔动_25,服_睡衣_笑顔动_25.webp,100,1500,300,300,0,0,42
颜AS06MARKIV____服_睡衣_笑顔动_25,服_睡衣_笑顔动_25.webp,600,1500,300,300,0,0,42
颜AS06MARKIV____服_睡衣_笑顔动_25,服_睡衣_笑顔动_25.webp,1100,1500,300,300,0,0,42
颜AS06MARKIV____服_睡衣_笑顔动_25,服_睡衣_笑顔动_25.webp,1600,1500,300,300,0,0,42
颜AS06MARKIV____服_睡衣_笑顔动_25,服_睡衣_笑顔动_25.webp,2100,1500,300,300,0,0,42
颜AS06MARKIV____服_睡衣_笑顔动_25,服_睡衣_笑顔动_25.webp,2600,1500,300,300,0,0,42
颜AS06MARKIV____服_睡衣_笑顔动_25,服_睡衣_笑顔动_25.webp,3100,1500,300,300,0,0,42
颜AS06MARKIV____服_睡衣_笑顔动_25,服_睡衣_笑顔动_25.webp,3600,1500,300,300,0,0,42
颜AS06MARKIV____服_睡衣_笑顔动_25,服_睡衣_笑顔动_25.webp,4100,1500,300,300,0,0,42
颜AS06MARKIV____服_睡衣_笑顔动_25,服_睡衣_笑顔动_25.webp,4600,1500,300,300,0,0,42
颜AS06MARKIV____服_睡衣_笑顔动_25,服_睡衣_笑顔动_25.webp,5100,1500,300,300,0,0,42
颜AS06MARKIV____服_睡衣_笑顔动_25,服_睡衣_笑顔动_25.webp,5600,1500,300,300,0,0,42
颜AS06MARKIV____服_睡衣_笑顔动_25,服_睡衣_笑顔动_25.webp,6100,1500,300,300,0,0,42
颜AS06MARKIV____服_睡衣_笑顔动_25,服_睡衣_笑顔动_25.webp,6600,1500,300,300,0,0,42
颜AS06MARKIV____服_睡衣_笑顔动_25,服_睡衣_笑顔动_25.webp,7100,1500,300,300,0,0,42
颜AS06MARKIV____服_睡衣_笑顔动_25,服_睡衣_笑顔动_25.webp,7600,1500,300,300,0,0,42
颜AS06MARKIV____服_睡衣_笑顔动_25,服_睡衣_笑顔动_25.webp,100,2000,300,300,0,0,42
颜AS06MARKIV____服_睡衣_笑顔动_25,服_睡衣_笑顔动_25.webp,600,2000,300,300,0,0,42
颜AS06MARKIV____服_睡衣_笑顔动_25,服_睡衣_笑顔动_25.webp,1100,2000,300,300,0,0,42
颜AS06MARKIV____服_睡衣_笑顔动_25,服_睡衣_笑顔动_25.webp,1600,2000,300,300,0,0,42
颜AS06MARKIV____服_睡衣_笑顔动_25,服_睡衣_笑顔动_25.webp,2100,2000,300,300,0,0,42
颜AS06MARKIV____服_睡衣_笑顔动_25,服_睡衣_笑顔动_25.webp,2600,2000,300,300,0,0,42
颜AS06MARKIV____服_睡衣_笑顔动_25,服_睡衣_笑顔动_25.webp,3100,2000,300,300,0,0,42
颜AS06MARKIV____服_睡衣_笑顔动_25,服_睡衣_笑顔动_25.webp,3600,2000,300,300,0,0,42
颜AS06MARKIV____服_睡衣_笑顔动_25,服_睡衣_笑顔动_25.webp,4100,2000,300,300,0,0,42
颜AS06MARKIV____服_睡衣_笑顔动_25,服_睡衣_笑顔动_25.webp,4600,2000,300,300,0,0,42
颜AS06MARKIV____服_睡衣_笑顔动_25,服_睡衣_笑顔动_25.webp,5100,2000,300,300,0,0,42
颜AS06MARKIV____服_睡衣_笑顔动_25,服_睡衣_笑顔动_25.webp,5600,2000,300,300,0,0,42
颜AS06MARKIV____服_睡衣_笑顔动_25,服_睡衣_笑顔动_25.webp,6100,2000,300,300,0,0,42
颜AS06MARKIV____服_睡衣_笑顔动_25,服_睡衣_笑顔动_25.webp,6600,2000,300,300,0,0,42
颜AS06MARKIV____服_睡衣_笑顔动_25,服_睡衣_笑顔动_25.webp,7100,2000,300,300,0,0,42
颜AS06MARKIV____服_睡衣_笑顔动_25,服_睡衣_笑顔动_25.webp,7600,2000,300,300,0,0,42
颜AS06MARKIV____服_睡衣_笑顔动_25,服_睡衣_笑顔动_25.webp,100,2500,300,300,0,0,42
颜AS06MARKIV____服_睡衣_笑顔动_25,服_睡衣_笑顔动_25.webp,600,2500,300,300,0,0,42
颜AS06MARKIV____服_睡衣_笑顔动_25,服_睡衣_笑顔动_25.webp,1100,2500,300,300,0,0,42
颜AS06MARKIV____服_睡衣_笑顔动_25,服_睡衣_笑顔动_25.webp,1600,2500,300,300,0,0,42

AS06MARKIV____服_下着_笑顔动_25,ANIME,500,500
AS06MARKIV____服_下着_笑顔动_25,服_下着_笑顔动_25.webp,0,0,500,500,0,0,42
AS06MARKIV____服_下着_笑顔动_25,服_下着_笑顔动_25.webp,500,0,500,500,0,0,42
AS06MARKIV____服_下着_笑顔动_25,服_下着_笑顔动_25.webp,1000,0,500,500,0,0,42
AS06MARKIV____服_下着_笑顔动_25,服_下着_笑顔动_25.webp,1500,0,500,500,0,0,42
AS06MARKIV____服_下着_笑顔动_25,服_下着_笑顔动_25.webp,2000,0,500,500,0,0,42
AS06MARKIV____服_下着_笑顔动_25,服_下着_笑顔动_25.webp,2500,0,500,500,0,0,42
AS06MARKIV____服_下着_笑顔动_25,服_下着_笑顔动_25.webp,3000,0,500,500,0,0,42
AS06MARKIV____服_下着_笑顔动_25,服_下着_笑顔动_25.webp,3500,0,500,500,0,0,42
AS06MARKIV____服_下着_笑顔动_25,服_下着_笑顔动_25.webp,4000,0,500,500,0,0,42
AS06MARKIV____服_下着_笑顔动_25,服_下着_笑顔动_25.webp,4500,0,500,500,0,0,42
AS06MARKIV____服_下着_笑顔动_25,服_下着_笑顔动_25.webp,5000,0,500,500,0,0,42
AS06MARKIV____服_下着_笑顔动_25,服_下着_笑顔动_25.webp,5500,0,500,500,0,0,42
AS06MARKIV____服_下着_笑顔动_25,服_下着_笑顔动_25.webp,6000,0,500,500,0,0,42
AS06MARKIV____服_下着_笑顔动_25,服_下着_笑顔动_25.webp,6500,0,500,500,0,0,42
AS06MARKIV____服_下着_笑顔动_25,服_下着_笑顔动_25.webp,7000,0,500,500,0,0,42
AS06MARKIV____服_下着_笑顔动_25,服_下着_笑顔动_25.webp,7500,0,500,500,0,0,42
AS06MARKIV____服_下着_笑顔动_25,服_下着_笑顔动_25.webp,0,500,500,500,0,0,42
AS06MARKIV____服_下着_笑顔动_25,服_下着_笑顔动_25.webp,500,500,500,500,0,0,42
AS06MARKIV____服_下着_笑顔动_25,服_下着_笑顔动_25.webp,1000,500,500,500,0,0,42
AS06MARKIV____服_下着_笑顔动_25,服_下着_笑顔动_25.webp,1500,500,500,500,0,0,42
AS06MARKIV____服_下着_笑顔动_25,服_下着_笑顔动_25.webp,2000,500,500,500,0,0,42
AS06MARKIV____服_下着_笑顔动_25,服_下着_笑顔动_25.webp,2500,500,500,500,0,0,42
AS06MARKIV____服_下着_笑顔动_25,服_下着_笑顔动_25.webp,3000,500,500,500,0,0,42
AS06MARKIV____服_下着_笑顔动_25,服_下着_笑顔动_25.webp,3500,500,500,500,0,0,42
AS06MARKIV____服_下着_笑顔动_25,服_下着_笑顔动_25.webp,4000,500,500,500,0,0,42
AS06MARKIV____服_下着_笑顔动_25,服_下着_笑顔动_25.webp,4500,500,500,500,0,0,42
AS06MARKIV____服_下着_笑顔动_25,服_下着_笑顔动_25.webp,5000,500,500,500,0,0,42
AS06MARKIV____服_下着_笑顔动_25,服_下着_笑顔动_25.webp,5500,500,500,500,0,0,42
AS06MARKIV____服_下着_笑顔动_25,服_下着_笑顔动_25.webp,6000,500,500,500,0,0,42
AS06MARKIV____服_下着_笑顔动_25,服_下着_笑顔动_25.webp,6500,500,500,500,0,0,42
AS06MARKIV____服_下着_笑顔动_25,服_下着_笑顔动_25.webp,7000,500,500,500,0,0,42
AS06MARKIV____服_下着_笑顔动_25,服_下着_笑顔动_25.webp,7500,500,500,500,0,0,42
AS06MARKIV____服_下着_笑顔动_25,服_下着_笑顔动_25.webp,0,1000,500,500,0,0,42
AS06MARKIV____服_下着_笑顔动_25,服_下着_笑顔动_25.webp,500,1000,500,500,0,0,42
AS06MARKIV____服_下着_笑顔动_25,服_下着_笑顔动_25.webp,1000,1000,500,500,0,0,42
AS06MARKIV____服_下着_笑顔动_25,服_下着_笑顔动_25.webp,1500,1000,500,500,0,0,42
AS06MARKIV____服_下着_笑顔动_25,服_下着_笑顔动_25.webp,2000,1000,500,500,0,0,42
AS06MARKIV____服_下着_笑顔动_25,服_下着_笑顔动_25.webp,2500,1000,500,500,0,0,42
AS06MARKIV____服_下着_笑顔动_25,服_下着_笑顔动_25.webp,3000,1000,500,500,0,0,42
AS06MARKIV____服_下着_笑顔动_25,服_下着_笑顔动_25.webp,3500,1000,500,500,0,0,42
AS06MARKIV____服_下着_笑顔动_25,服_下着_笑顔动_25.webp,4000,1000,500,500,0,0,42
AS06MARKIV____服_下着_笑顔动_25,服_下着_笑顔动_25.webp,4500,1000,500,500,0,0,42
AS06MARKIV____服_下着_笑顔动_25,服_下着_笑顔动_25.webp,5000,1000,500,500,0,0,42
AS06MARKIV____服_下着_笑顔动_25,服_下着_笑顔动_25.webp,5500,1000,500,500,0,0,42
AS06MARKIV____服_下着_笑顔动_25,服_下着_笑顔动_25.webp,6000,1000,500,500,0,0,42
AS06MARKIV____服_下着_笑顔动_25,服_下着_笑顔动_25.webp,6500,1000,500,500,0,0,42
AS06MARKIV____服_下着_笑顔动_25,服_下着_笑顔动_25.webp,7000,1000,500,500,0,0,42
AS06MARKIV____服_下着_笑顔动_25,服_下着_笑顔动_25.webp,7500,1000,500,500,0,0,42
AS06MARKIV____服_下着_笑顔动_25,服_下着_笑顔动_25.webp,0,1500,500,500,0,0,42
AS06MARKIV____服_下着_笑顔动_25,服_下着_笑顔动_25.webp,500,1500,500,500,0,0,42
AS06MARKIV____服_下着_笑顔动_25,服_下着_笑顔动_25.webp,1000,1500,500,500,0,0,42
AS06MARKIV____服_下着_笑顔动_25,服_下着_笑顔动_25.webp,1500,1500,500,500,0,0,42
AS06MARKIV____服_下着_笑顔动_25,服_下着_笑顔动_25.webp,2000,1500,500,500,0,0,42
AS06MARKIV____服_下着_笑顔动_25,服_下着_笑顔动_25.webp,2500,1500,500,500,0,0,42
AS06MARKIV____服_下着_笑顔动_25,服_下着_笑顔动_25.webp,3000,1500,500,500,0,0,42
AS06MARKIV____服_下着_笑顔动_25,服_下着_笑顔动_25.webp,3500,1500,500,500,0,0,42
AS06MARKIV____服_下着_笑顔动_25,服_下着_笑顔动_25.webp,4000,1500,500,500,0,0,42
AS06MARKIV____服_下着_笑顔动_25,服_下着_笑顔动_25.webp,4500,1500,500,500,0,0,42
AS06MARKIV____服_下着_笑顔动_25,服_下着_笑顔动_25.webp,5000,1500,500,500,0,0,42
AS06MARKIV____服_下着_笑顔动_25,服_下着_笑顔动_25.webp,5500,1500,500,500,0,0,42
AS06MARKIV____服_下着_笑顔动_25,服_下着_笑顔动_25.webp,6000,1500,500,500,0,0,42
AS06MARKIV____服_下着_笑顔动_25,服_下着_笑顔动_25.webp,6500,1500,500,500,0,0,42
AS06MARKIV____服_下着_笑顔动_25,服_下着_笑顔动_25.webp,7000,1500,500,500,0,0,42
AS06MARKIV____服_下着_笑顔动_25,服_下着_笑顔动_25.webp,7500,1500,500,500,0,0,42
AS06MARKIV____服_下着_笑顔动_25,服_下着_笑顔动_25.webp,0,2000,500,500,0,0,42
AS06MARKIV____服_下着_笑顔动_25,服_下着_笑顔动_25.webp,500,2000,500,500,0,0,42
AS06MARKIV____服_下着_笑顔动_25,服_下着_笑顔动_25.webp,1000,2000,500,500,0,0,42
AS06MARKIV____服_下着_笑顔动_25,服_下着_笑顔动_25.webp,1500,2000,500,500,0,0,42
AS06MARKIV____服_下着_笑顔动_25,服_下着_笑顔动_25.webp,2000,2000,500,500,0,0,42
AS06MARKIV____服_下着_笑顔动_25,服_下着_笑顔动_25.webp,2500,2000,500,500,0,0,42
AS06MARKIV____服_下着_笑顔动_25,服_下着_笑顔动_25.webp,3000,2000,500,500,0,0,42
AS06MARKIV____服_下着_笑顔动_25,服_下着_笑顔动_25.webp,3500,2000,500,500,0,0,42
AS06MARKIV____服_下着_笑顔动_25,服_下着_笑顔动_25.webp,4000,2000,500,500,0,0,42
AS06MARKIV____服_下着_笑顔动_25,服_下着_笑顔动_25.webp,4500,2000,500,500,0,0,42
AS06MARKIV____服_下着_笑顔动_25,服_下着_笑顔动_25.webp,5000,2000,500,500,0,0,42
AS06MARKIV____服_下着_笑顔动_25,服_下着_笑顔动_25.webp,5500,2000,500,500,0,0,42
AS06MARKIV____服_下着_笑顔动_25,服_下着_笑顔动_25.webp,6000,2000,500,500,0,0,42
AS06MARKIV____服_下着_笑顔动_25,服_下着_笑顔动_25.webp,6500,2000,500,500,0,0,42
AS06MARKIV____服_下着_笑顔动_25,服_下着_笑顔动_25.webp,7000,2000,500,500,0,0,42
AS06MARKIV____服_下着_笑顔动_25,服_下着_笑顔动_25.webp,7500,2000,500,500,0,0,42
AS06MARKIV____服_下着_笑顔动_25,服_下着_笑顔动_25.webp,0,2500,500,500,0,0,42
AS06MARKIV____服_下着_笑顔动_25,服_下着_笑顔动_25.webp,500,2500,500,500,0,0,42
AS06MARKIV____服_下着_笑顔动_25,服_下着_笑顔动_25.webp,1000,2500,500,500,0,0,42
AS06MARKIV____服_下着_笑顔动_25,服_下着_笑顔动_25.webp,1500,2500,500,500,0,0,42

颜AS06MARKIV____服_下着_笑顔动_25,ANIME,300,300
颜AS06MARKIV____服_下着_笑顔动_25,服_下着_笑顔动_25.webp,100,0,300,300,0,0,42
颜AS06MARKIV____服_下着_笑顔动_25,服_下着_笑顔动_25.webp,600,0,300,300,0,0,42
颜AS06MARKIV____服_下着_笑顔动_25,服_下着_笑顔动_25.webp,1100,0,300,300,0,0,42
颜AS06MARKIV____服_下着_笑顔动_25,服_下着_笑顔动_25.webp,1600,0,300,300,0,0,42
颜AS06MARKIV____服_下着_笑顔动_25,服_下着_笑顔动_25.webp,2100,0,300,300,0,0,42
颜AS06MARKIV____服_下着_笑顔动_25,服_下着_笑顔动_25.webp,2600,0,300,300,0,0,42
颜AS06MARKIV____服_下着_笑顔动_25,服_下着_笑顔动_25.webp,3100,0,300,300,0,0,42
颜AS06MARKIV____服_下着_笑顔动_25,服_下着_笑顔动_25.webp,3600,0,300,300,0,0,42
颜AS06MARKIV____服_下着_笑顔动_25,服_下着_笑顔动_25.webp,4100,0,300,300,0,0,42
颜AS06MARKIV____服_下着_笑顔动_25,服_下着_笑顔动_25.webp,4600,0,300,300,0,0,42
颜AS06MARKIV____服_下着_笑顔动_25,服_下着_笑顔动_25.webp,5100,0,300,300,0,0,42
颜AS06MARKIV____服_下着_笑顔动_25,服_下着_笑顔动_25.webp,5600,0,300,300,0,0,42
颜AS06MARKIV____服_下着_笑顔动_25,服_下着_笑顔动_25.webp,6100,0,300,300,0,0,42
颜AS06MARKIV____服_下着_笑顔动_25,服_下着_笑顔动_25.webp,6600,0,300,300,0,0,42
颜AS06MARKIV____服_下着_笑顔动_25,服_下着_笑顔动_25.webp,7100,0,300,300,0,0,42
颜AS06MARKIV____服_下着_笑顔动_25,服_下着_笑顔动_25.webp,7600,0,300,300,0,0,42
颜AS06MARKIV____服_下着_笑顔动_25,服_下着_笑顔动_25.webp,100,500,300,300,0,0,42
颜AS06MARKIV____服_下着_笑顔动_25,服_下着_笑顔动_25.webp,600,500,300,300,0,0,42
颜AS06MARKIV____服_下着_笑顔动_25,服_下着_笑顔动_25.webp,1100,500,300,300,0,0,42
颜AS06MARKIV____服_下着_笑顔动_25,服_下着_笑顔动_25.webp,1600,500,300,300,0,0,42
颜AS06MARKIV____服_下着_笑顔动_25,服_下着_笑顔动_25.webp,2100,500,300,300,0,0,42
颜AS06MARKIV____服_下着_笑顔动_25,服_下着_笑顔动_25.webp,2600,500,300,300,0,0,42
颜AS06MARKIV____服_下着_笑顔动_25,服_下着_笑顔动_25.webp,3100,500,300,300,0,0,42
颜AS06MARKIV____服_下着_笑顔动_25,服_下着_笑顔动_25.webp,3600,500,300,300,0,0,42
颜AS06MARKIV____服_下着_笑顔动_25,服_下着_笑顔动_25.webp,4100,500,300,300,0,0,42
颜AS06MARKIV____服_下着_笑顔动_25,服_下着_笑顔动_25.webp,4600,500,300,300,0,0,42
颜AS06MARKIV____服_下着_笑顔动_25,服_下着_笑顔动_25.webp,5100,500,300,300,0,0,42
颜AS06MARKIV____服_下着_笑顔动_25,服_下着_笑顔动_25.webp,5600,500,300,300,0,0,42
颜AS06MARKIV____服_下着_笑顔动_25,服_下着_笑顔动_25.webp,6100,500,300,300,0,0,42
颜AS06MARKIV____服_下着_笑顔动_25,服_下着_笑顔动_25.webp,6600,500,300,300,0,0,42
颜AS06MARKIV____服_下着_笑顔动_25,服_下着_笑顔动_25.webp,7100,500,300,300,0,0,42
颜AS06MARKIV____服_下着_笑顔动_25,服_下着_笑顔动_25.webp,7600,500,300,300,0,0,42
颜AS06MARKIV____服_下着_笑顔动_25,服_下着_笑顔动_25.webp,100,1000,300,300,0,0,42
颜AS06MARKIV____服_下着_笑顔动_25,服_下着_笑顔动_25.webp,600,1000,300,300,0,0,42
颜AS06MARKIV____服_下着_笑顔动_25,服_下着_笑顔动_25.webp,1100,1000,300,300,0,0,42
颜AS06MARKIV____服_下着_笑顔动_25,服_下着_笑顔动_25.webp,1600,1000,300,300,0,0,42
颜AS06MARKIV____服_下着_笑顔动_25,服_下着_笑顔动_25.webp,2100,1000,300,300,0,0,42
颜AS06MARKIV____服_下着_笑顔动_25,服_下着_笑顔动_25.webp,2600,1000,300,300,0,0,42
颜AS06MARKIV____服_下着_笑顔动_25,服_下着_笑顔动_25.webp,3100,1000,300,300,0,0,42
颜AS06MARKIV____服_下着_笑顔动_25,服_下着_笑顔动_25.webp,3600,1000,300,300,0,0,42
颜AS06MARKIV____服_下着_笑顔动_25,服_下着_笑顔动_25.webp,4100,1000,300,300,0,0,42
颜AS06MARKIV____服_下着_笑顔动_25,服_下着_笑顔动_25.webp,4600,1000,300,300,0,0,42
颜AS06MARKIV____服_下着_笑顔动_25,服_下着_笑顔动_25.webp,5100,1000,300,300,0,0,42
颜AS06MARKIV____服_下着_笑顔动_25,服_下着_笑顔动_25.webp,5600,1000,300,300,0,0,42
颜AS06MARKIV____服_下着_笑顔动_25,服_下着_笑顔动_25.webp,6100,1000,300,300,0,0,42
颜AS06MARKIV____服_下着_笑顔动_25,服_下着_笑顔动_25.webp,6600,1000,300,300,0,0,42
颜AS06MARKIV____服_下着_笑顔动_25,服_下着_笑顔动_25.webp,7100,1000,300,300,0,0,42
颜AS06MARKIV____服_下着_笑顔动_25,服_下着_笑顔动_25.webp,7600,1000,300,300,0,0,42
颜AS06MARKIV____服_下着_笑顔动_25,服_下着_笑顔动_25.webp,100,1500,300,300,0,0,42
颜AS06MARKIV____服_下着_笑顔动_25,服_下着_笑顔动_25.webp,600,1500,300,300,0,0,42
颜AS06MARKIV____服_下着_笑顔动_25,服_下着_笑顔动_25.webp,1100,1500,300,300,0,0,42
颜AS06MARKIV____服_下着_笑顔动_25,服_下着_笑顔动_25.webp,1600,1500,300,300,0,0,42
颜AS06MARKIV____服_下着_笑顔动_25,服_下着_笑顔动_25.webp,2100,1500,300,300,0,0,42
颜AS06MARKIV____服_下着_笑顔动_25,服_下着_笑顔动_25.webp,2600,1500,300,300,0,0,42
颜AS06MARKIV____服_下着_笑顔动_25,服_下着_笑顔动_25.webp,3100,1500,300,300,0,0,42
颜AS06MARKIV____服_下着_笑顔动_25,服_下着_笑顔动_25.webp,3600,1500,300,300,0,0,42
颜AS06MARKIV____服_下着_笑顔动_25,服_下着_笑顔动_25.webp,4100,1500,300,300,0,0,42
颜AS06MARKIV____服_下着_笑顔动_25,服_下着_笑顔动_25.webp,4600,1500,300,300,0,0,42
颜AS06MARKIV____服_下着_笑顔动_25,服_下着_笑顔动_25.webp,5100,1500,300,300,0,0,42
颜AS06MARKIV____服_下着_笑顔动_25,服_下着_笑顔动_25.webp,5600,1500,300,300,0,0,42
颜AS06MARKIV____服_下着_笑顔动_25,服_下着_笑顔动_25.webp,6100,1500,300,300,0,0,42
颜AS06MARKIV____服_下着_笑顔动_25,服_下着_笑顔动_25.webp,6600,1500,300,300,0,0,42
颜AS06MARKIV____服_下着_笑顔动_25,服_下着_笑顔动_25.webp,7100,1500,300,300,0,0,42
颜AS06MARKIV____服_下着_笑顔动_25,服_下着_笑顔动_25.webp,7600,1500,300,300,0,0,42
颜AS06MARKIV____服_下着_笑顔动_25,服_下着_笑顔动_25.webp,100,2000,300,300,0,0,42
颜AS06MARKIV____服_下着_笑顔动_25,服_下着_笑顔动_25.webp,600,2000,300,300,0,0,42
颜AS06MARKIV____服_下着_笑顔动_25,服_下着_笑顔动_25.webp,1100,2000,300,300,0,0,42
颜AS06MARKIV____服_下着_笑顔动_25,服_下着_笑顔动_25.webp,1600,2000,300,300,0,0,42
颜AS06MARKIV____服_下着_笑顔动_25,服_下着_笑顔动_25.webp,2100,2000,300,300,0,0,42
颜AS06MARKIV____服_下着_笑顔动_25,服_下着_笑顔动_25.webp,2600,2000,300,300,0,0,42
颜AS06MARKIV____服_下着_笑顔动_25,服_下着_笑顔动_25.webp,3100,2000,300,300,0,0,42
颜AS06MARKIV____服_下着_笑顔动_25,服_下着_笑顔动_25.webp,3600,2000,300,300,0,0,42
颜AS06MARKIV____服_下着_笑顔动_25,服_下着_笑顔动_25.webp,4100,2000,300,300,0,0,42
颜AS06MARKIV____服_下着_笑顔动_25,服_下着_笑顔动_25.webp,4600,2000,300,300,0,0,42
颜AS06MARKIV____服_下着_笑顔动_25,服_下着_笑顔动_25.webp,5100,2000,300,300,0,0,42
颜AS06MARKIV____服_下着_笑顔动_25,服_下着_笑顔动_25.webp,5600,2000,300,300,0,0,42
颜AS06MARKIV____服_下着_笑顔动_25,服_下着_笑顔动_25.webp,6100,2000,300,300,0,0,42
颜AS06MARKIV____服_下着_笑顔动_25,服_下着_笑顔动_25.webp,6600,2000,300,300,0,0,42
颜AS06MARKIV____服_下着_笑顔动_25,服_下着_笑顔动_25.webp,7100,2000,300,300,0,0,42
颜AS06MARKIV____服_下着_笑顔动_25,服_下着_笑顔动_25.webp,7600,2000,300,300,0,0,42
颜AS06MARKIV____服_下着_笑顔动_25,服_下着_笑顔动_25.webp,100,2500,300,300,0,0,42
颜AS06MARKIV____服_下着_笑顔动_25,服_下着_笑顔动_25.webp,600,2500,300,300,0,0,42
颜AS06MARKIV____服_下着_笑顔动_25,服_下着_笑顔动_25.webp,1100,2500,300,300,0,0,42
颜AS06MARKIV____服_下着_笑顔动_25,服_下着_笑顔动_25.webp,1600,2500,300,300,0,0,42
